1.000000E-02 4.727967E-02 2.452074E+01
1.009262E-02 4.723060E-02 2.447662E+01
1.018610E-02 4.718126E-02 2.443252E+01
1.028045E-02 4.713194E-02 2.447377E+01
1.037567E-02 4.708206E-02 2.442953E+01
1.047177E-02 4.703187E-02 2.438534E+01
1.056876E-02 4.698138E-02 2.434120E+01
1.066665E-02 4.693059E-02 2.429710E+01
1.076545E-02 4.687947E-02 2.425306E+01
1.086516E-02 4.682805E-02 2.420907E+01
1.096579E-02 4.677661E-02 2.424951E+01
1.106736E-02 4.672458E-02 2.420543E+01
1.116987E-02 4.667222E-02 2.416140E+01
1.127333E-02 4.661952E-02 2.411745E+01
1.137774E-02 4.656649E-02 2.407356E+01
1.148312E-02 4.651311E-02 2.402975E+01
1.158948E-02 4.645938E-02 2.398601E+01
1.169683E-02 4.640562E-02 2.402584E+01
1.180517E-02 4.635122E-02 2.398205E+01
1.191451E-02 4.629647E-02 2.393835E+01
1.202486E-02 4.624135E-02 2.389473E+01
1.213624E-02 4.618586E-02 2.385121E+01
1.224865E-02 4.613000E-02 2.380778E+01
1.236210E-02 4.607404E-02 2.384730E+01
1.247660E-02 4.601747E-02 2.380387E+01
1.259216E-02 4.596050E-02 2.376054E+01
1.270879E-02 4.590314E-02 2.371733E+01
1.282650E-02 4.584539E-02 2.367423E+01
1.294530E-02 4.578723E-02 2.363124E+01
1.306520E-02 4.572867E-02 2.358837E+01
1.318621E-02 4.567002E-02 2.362767E+01
1.330835E-02 4.561069E-02 2.358485E+01
1.343161E-02 4.555095E-02 2.354217E+01
1.355602E-02 4.549078E-02 2.349962E+01
1.368158E-02 4.543019E-02 2.345721E+01
1.380830E-02 4.536917E-02 2.341495E+01
1.393619E-02 4.530801E-02 2.345431E+01
1.406527E-02 4.524618E-02 2.341216E+01
1.419555E-02 4.518390E-02 2.337016E+01
1.432703E-02 4.512118E-02 2.332831E+01
1.445973E-02 4.505801E-02 2.328663E+01
1.459366E-02 4.499439E-02 2.324511E+01
1.472883E-02 4.493061E-02 2.328476E+01
1.486525E-02 4.486613E-02 2.324342E+01
1.500293E-02 4.480119E-02 2.320225E+01
1.514189E-02 4.473579E-02 2.316127E+01
1.528214E-02 4.466992E-02 2.312048E+01
1.542369E-02 4.460358E-02 2.307989E+01
1.556654E-02 4.453704E-02 2.312004E+01
1.571072E-02 4.446980E-02 2.307968E+01
1.585624E-02 4.440208E-02 2.303953E+01
1.600310E-02 4.433389E-02 2.299959E+01
1.615133E-02 4.426521E-02 2.295987E+01
1.630092E-02 4.419604E-02 2.292037E+01
1.645191E-02 4.412664E-02 2.296128E+01
1.660429E-02 4.405655E-02 2.292209E+01
1.675808E-02 4.398597E-02 2.288314E+01
1.691330E-02 4.391489E-02 2.284443E+01
1.706995E-02 4.384332E-02 2.280597E+01
1.722805E-02 4.377125E-02 2.276776E+01
1.738762E-02 4.369869E-02 2.272980E+01
1.754867E-02 4.362590E-02 2.277189E+01
1.771121E-02 4.355239E-02 2.273434E+01
1.787526E-02 4.347837E-02 2.269706E+01
1.804082E-02 4.340386E-02 2.266007E+01
1.820792E-02 4.332885E-02 2.262336E+01
1.837656E-02 4.325334E-02 2.258693E+01
1.854677E-02 4.317757E-02 2.263042E+01
1.871855E-02 4.310111E-02 2.259449E+01
1.889193E-02 4.302415E-02 2.255886E+01
1.906691E-02 4.294669E-02 2.252355E+01
1.924351E-02 4.286874E-02 2.248856E+01
1.942175E-02 4.279030E-02 2.245389E+01
1.960163E-02 4.271137E-02 2.241955E+01
1.978319E-02 4.263219E-02 2.246501E+01
1.996642E-02 4.255234E-02 2.243126E+01
2.015136E-02 4.247200E-02 2.239786E+01
2.033800E-02 4.239118E-02 2.236481E+01
2.052638E-02 4.230990E-02 2.233213E+01
2.071650E-02 4.222814E-02 2.229981E+01
2.090838E-02 4.214593E-02 2.226785E+01
2.110203E-02 4.206327E-02 2.223628E+01
2.129749E-02 4.198040E-02 2.228448E+01
2.149475E-02 4.189688E-02 2.225360E+01
2.169384E-02 4.181293E-02 2.222312E+01
2.189477E-02 4.172855E-02 2.219302E+01
2.209756E-02 4.164375E-02 2.216333E+01
2.230223E-02 4.155855E-02 2.213405E+01
2.250880E-02 4.147295E-02 2.210517E+01
2.271728E-02 4.138696E-02 2.207669E+01
2.292769E-02 4.130060E-02 2.204864E+01
2.314005E-02 4.121413E-02 2.210054E+01
2.335438E-02 4.112708E-02 2.207329E+01
2.357069E-02 4.103969E-02 2.204645E+01
2.378901E-02 4.095198E-02 2.202004E+01
2.400935E-02 4.086396E-02 2.199406E+01
2.423173E-02 4.077565E-02 2.196850E+01
2.445617E-02 4.068706E-02 2.194336E+01
2.468268E-02 4.059820E-02 2.191865E+01
2.491130E-02 4.050911E-02 2.189436E+01
2.514203E-02 4.041979E-02 2.187048E+01
2.537490E-02 4.033049E-02 2.192705E+01
2.560993E-02 4.024080E-02 2.190401E+01
2.584714E-02 4.015093E-02 2.188139E+01
2.608654E-02 4.006092E-02 2.185917E+01
2.632815E-02 3.997078E-02 2.183735E+01
2.657201E-02 3.988053E-02 2.181593E+01
2.681813E-02 3.979019E-02 2.179489E+01
2.706652E-02 3.969979E-02 2.177422E+01
2.731722E-02 3.960935E-02 2.175393E+01
2.757023E-02 3.951888E-02 2.173399E+01
2.782559E-02 3.942841E-02 2.171440E+01
2.808332E-02 3.933797E-02 2.169514E+01
2.834343E-02 3.924757E-02 2.167620E+01
2.860596E-02 3.915723E-02 2.165758E+01
2.887091E-02 3.906698E-02 2.163924E+01
2.913832E-02 3.897683E-02 2.162119E+01
2.940820E-02 3.888704E-02 2.168457E+01
2.968059E-02 3.879719E-02 2.166709E+01
2.995549E-02 3.870749E-02 2.164983E+01
3.023295E-02 3.861797E-02 2.163280E+01
3.051297E-02 3.852866E-02 2.161596E+01
3.079559E-02 3.843957E-02 2.159930E+01
3.108082E-02 3.835071E-02 2.158281E+01
3.136870E-02 3.826210E-02 2.156645E+01
3.165924E-02 3.817375E-02 2.155022E+01
3.195248E-02 3.808569E-02 2.153409E+01
3.224842E-02 3.799791E-02 2.151805E+01
3.254712E-02 3.791044E-02 2.150207E+01
3.284857E-02 3.782329E-02 2.148613E+01
3.315282E-02 3.773646E-02 2.147022E+01
3.345989E-02 3.764997E-02 2.145432E+01
3.376980E-02 3.756382E-02 2.143840E+01
3.408259E-02 3.747802E-02 2.142244E+01
3.439826E-02 3.739259E-02 2.140643E+01
3.471687E-02 3.730751E-02 2.139034E+01
3.503842E-02 3.722282E-02 2.137416E+01
3.536296E-02 3.713850E-02 2.135787E+01
3.569049E-02 3.705456E-02 2.134145E+01
3.602107E-02 3.697100E-02 2.132487E+01
3.635470E-02 3.688784E-02 2.130813E+01
3.669142E-02 3.680530E-02 2.137453E+01
3.703127E-02 3.672293E-02 2.135744E+01
3.737426E-02 3.664097E-02 2.134013E+01
3.772042E-02 3.655939E-02 2.132258E+01
3.806980E-02 3.647822E-02 2.130477E+01
3.842241E-02 3.639745E-02 2.128668E+01
3.877828E-02 3.631707E-02 2.126829E+01
3.913746E-02 3.623710E-02 2.124959E+01
3.949995E-02 3.615752E-02 2.123057E+01
3.986581E-02 3.607834E-02 2.121120E+01
4.023506E-02 3.599956E-02 2.119147E+01
4.060772E-02 3.592118E-02 2.117136E+01
4.098384E-02 3.584319E-02 2.115087E+01
4.136344E-02 3.576559E-02 2.112997E+01
4.174655E-02 3.568838E-02 2.110865E+01
4.213322E-02 3.561157E-02 2.108690E+01
4.252346E-02 3.553536E-02 2.114920E+01
4.291732E-02 3.545934E-02 2.112654E+01
4.331483E-02 3.538371E-02 2.110340E+01
4.371602E-02 3.530845E-02 2.107976E+01
4.412093E-02 3.523358E-02 2.105562E+01
4.452959E-02 3.515908E-02 2.103096E+01
4.494203E-02 3.508496E-02 2.100577E+01
4.535829E-02 3.501122E-02 2.098003E+01
4.577841E-02 3.493784E-02 2.095374E+01
4.620241E-02 3.486483E-02 2.092689E+01
4.663035E-02 3.479241E-02 2.098442E+01
4.706225E-02 3.472018E-02 2.095634E+01
4.749815E-02 3.464829E-02 2.092766E+01
4.793808E-02 3.457678E-02 2.089836E+01
4.838210E-02 3.450562E-02 2.086844E+01
4.883022E-02 3.443482E-02 2.083787E+01
4.928250E-02 3.436438E-02 2.080666E+01
4.973896E-02 3.429429E-02 2.077480E+01
5.019965E-02 3.422480E-02 2.082735E+01
5.066461E-02 3.415545E-02 2.079405E+01
5.113388E-02 3.408646E-02 2.076005E+01
5.160749E-02 3.401782E-02 2.072535E+01
5.208549E-02 3.394952E-02 2.068995E+01
5.256791E-02 3.388158E-02 2.065383E+01
5.305481E-02 3.381422E-02 2.070208E+01
5.354621E-02 3.374702E-02 2.066437E+01
5.404216E-02 3.368016E-02 2.062591E+01
5.454271E-02 3.361365E-02 2.058671E+01
5.504790E-02 3.354748E-02 2.054674E+01
5.555776E-02 3.348190E-02 2.059104E+01
5.607235E-02 3.341648E-02 2.054936E+01
5.659170E-02 3.335141E-02 2.050691E+01
5.711586E-02 3.328669E-02 2.046367E+01
5.764488E-02 3.322231E-02 2.041963E+01
5.817880E-02 3.315856E-02 2.045956E+01
5.871766E-02 3.309494E-02 2.041371E+01
5.926152E-02 3.303168E-02 2.036705E+01
5.981041E-02 3.296877E-02 2.031958E+01
6.036439E-02 3.290649E-02 2.035582E+01
6.092349E-02 3.284436E-02 2.030646E+01
6.148778E-02 3.278259E-02 2.025626E+01
6.205729E-02 3.272141E-02 2.028970E+01
6.263207E-02 3.266044E-02 2.023755E+01
6.321218E-02 3.259984E-02 2.018457E+01
6.379767E-02 3.253961E-02 2.013074E+01
6.438857E-02 3.248002E-02 2.016007E+01
6.498495E-02 3.242062E-02 2.010424E+01
6.558686E-02 3.236160E-02 2.004755E+01
6.619433E-02 3.230322E-02 2.007376E+01
6.680744E-02 3.224506E-02 2.001503E+01
6.742622E-02 3.218729E-02 1.995544E+01
6.805074E-02 3.213018E-02 1.997840E+01
6.868104E-02 3.207330E-02 1.991674E+01
6.931717E-02 3.201684E-02 1.985422E+01
6.995920E-02 3.196106E-02 1.987381E+01
7.060718E-02 3.190552E-02 1.980919E+01
7.126115E-02 3.185061E-02 1.982657E+01
7.192119E-02 3.179602E-02 1.975984E+01
7.258734E-02 3.174188E-02 1.969225E+01
7.325965E-02 3.168843E-02 1.970609E+01
7.393820E-02 3.163528E-02 1.963638E+01
7.462303E-02 3.158280E-02 1.964788E+01
7.531420E-02 3.153068E-02 1.957603E+01
7.601178E-02 3.147904E-02 1.950335E+01
7.671581E-02 3.142816E-02 1.951117E+01
7.742637E-02 3.137759E-02 1.943636E+01
7.814351E-02 3.132779E-02 1.944174E+01
7.886729E-02 3.127835E-02 1.936480E+01
7.959777E-02 3.122967E-02 1.936771E+01
8.033502E-02 3.118138E-02 1.928865E+01
8.107910E-02 3.113387E-02 1.928905E+01
8.183007E-02 3.108677E-02 1.920790E+01
8.258799E-02 3.104048E-02 1.920576E+01
8.335294E-02 3.099463E-02 1.912251E+01
8.412497E-02 3.094961E-02 1.911781E+01
8.490415E-02 3.090505E-02 1.903251E+01
8.569055E-02 3.086136E-02 1.902523E+01
8.648423E-02 3.081830E-02 1.901667E+01
8.728527E-02 3.077581E-02 1.892802E+01
8.809372E-02 3.073417E-02 1.891686E+01
8.890966E-02 3.069309E-02 1.882622E+01
8.973316E-02 3.065291E-02 1.881244E+01
9.056428E-02 3.061330E-02 1.871986E+01
9.140311E-02 3.057465E-02 1.870347E+01
9.224970E-02 3.053675E-02 1.868576E+01
9.310413E-02 3.049949E-02 1.859001E+01
9.396648E-02 3.046321E-02 1.856968E+01
9.483682E-02 3.042773E-02 1.854802E+01
9.571522E-02 3.039295E-02 1.844920E+01
9.660175E-02 3.035919E-02 1.842495E+01
9.749649E-02 3.032629E-02 1.839934E+01
9.839952E-02 3.029414E-02 1.829758E+01
9.931092E-02 3.026305E-02 1.826942E+01
1.002308E-01 3.023288E-02 1.823992E+01
1.011591E-01 3.020348E-02 1.813536E+01
1.020961E-01 3.017523E-02 1.810334E+01
1.030417E-01 3.014794E-02 1.806999E+01
1.039961E-01 3.012163E-02 1.803530E+01
1.049593E-01 3.009619E-02 1.792701E+01
1.059315E-01 3.007195E-02 1.788989E+01
1.069126E-01 3.004875E-02 1.785145E+01
1.079029E-01 3.002661E-02 1.781171E+01
1.089023E-01 3.000556E-02 1.777065E+01
1.099110E-01 2.998547E-02 1.765793E+01
1.109290E-01 2.996666E-02 1.761459E+01
1.119564E-01 2.994898E-02 1.756997E+01
1.129934E-01 2.993247E-02 1.752410E+01
1.140400E-01 2.991713E-02 1.747697E+01
1.150962E-01 2.990300E-02 1.742860E+01
1.161623E-01 2.989008E-02 1.737900E+01
1.172382E-01 2.987840E-02 1.732819E+01
1.183241E-01 2.986786E-02 1.720909E+01
1.194200E-01 2.985873E-02 1.715629E+01
1.205261E-01 2.985090E-02 1.710232E+01
1.216424E-01 2.984439E-02 1.704722E+01
1.227691E-01 2.983921E-02 1.699099E+01
1.239062E-01 2.983539E-02 1.693366E+01
1.250539E-01 2.983295E-02 1.687525E+01
1.262121E-01 2.983190E-02 1.681577E+01
1.273811E-01 2.983227E-02 1.675525E+01
1.285610E-01 2.983408E-02 1.669371E+01
1.297517E-01 2.983734E-02 1.663117E+01
1.309535E-01 2.984208E-02 1.656765E+01
1.321664E-01 2.984831E-02 1.650319E+01
1.333906E-01 2.985616E-02 1.649901E+01
1.346261E-01 2.986545E-02 1.643221E+01
1.358730E-01 2.987629E-02 1.636453E+01
1.371315E-01 2.988871E-02 1.629600E+01
1.384016E-01 2.990272E-02 1.622665E+01
1.396835E-01 2.991833E-02 1.615650E+01
1.409773E-01 2.993558E-02 1.608559E+01
1.422830E-01 2.995447E-02 1.601393E+01
1.436009E-01 2.997512E-02 1.599889E+01
1.449310E-01 2.999738E-02 1.592528E+01
1.462733E-01 3.002134E-02 1.585102E+01
1.476281E-01 3.004702E-02 1.577614E+01
1.489955E-01 3.007444E-02 1.570067E+01
1.503755E-01 3.010371E-02 1.567946E+01
1.517683E-01 3.013468E-02 1.560231E+01
1.531740E-01 3.016744E-02 1.552466E+01
1.545928E-01 3.020209E-02 1.549993E+01
1.560246E-01 3.023851E-02 1.542078E+01
1.574698E-01 3.027676E-02 1.534122E+01
1.589283E-01 3.031696E-02 1.531320E+01
1.604003E-01 3.035897E-02 1.523232E+01
1.618860E-01 3.040288E-02 1.515112E+01
1.633854E-01 3.044877E-02 1.512004E+01
1.648987E-01 3.049654E-02 1.503771E+01
1.664260E-01 3.054631E-02 1.500462E+01
1.679675E-01 3.059800E-02 1.492126E+01
1.695232E-01 3.065165E-02 1.483776E+01
1.710934E-01 3.070739E-02 1.480202E+01
1.726781E-01 3.076506E-02 1.471769E+01
1.742775E-01 3.082483E-02 1.468022E+01
1.758917E-01 3.088658E-02 1.459517E+01
1.775208E-01 3.095046E-02 1.455608E+01
1.791650E-01 3.101635E-02 1.447045E+01
1.808245E-01 3.108440E-02 1.442984E+01
1.824993E-01 3.115454E-02 1.438834E+01
1.841897E-01 3.122675E-02 1.430175E+01
1.858957E-01 3.130116E-02 1.425890E+01
1.876175E-01 3.137770E-02 1.421524E+01
1.893552E-01 3.145637E-02 1.412796E+01
1.911091E-01 3.153726E-02 1.408313E+01
1.928792E-01 3.162033E-02 1.403755E+01
1.946656E-01 3.170558E-02 1.394985E+01
1.964687E-01 3.179309E-02 1.390328E+01
1.982884E-01 3.188283E-02 1.385605E+01
2.001250E-01 3.197476E-02 1.376819E+01
2.019786E-01 3.206902E-02 1.372012E+01
2.038493E-01 3.216554E-02 1.367148E+01
2.057374E-01 3.226434E-02 1.362229E+01
2.076430E-01 3.236545E-02 1.357258E+01
2.095662E-01 3.246886E-02 1.352237E+01
2.115073E-01 3.257457E-02 1.343432E+01
2.134663E-01 3.268265E-02 1.338360E+01
2.154435E-01 3.279309E-02 1.333247E+01
2.174389E-01 3.290588E-02 1.328094E+01
2.194529E-01 3.302106E-02 1.322904E+01
2.214855E-01 3.313862E-02 1.317680E+01
2.235370E-01 3.325859E-02 1.312424E+01
2.256074E-01 3.338097E-02 1.307139E+01
2.276970E-01 3.350578E-02 1.301827E+01
2.298060E-01 3.363302E-02 1.296491E+01
2.319345E-01 3.376273E-02 1.291133E+01
2.340827E-01 3.389489E-02 1.285754E+01
2.362508E-01 3.402953E-02 1.280359E+01
2.384390E-01 3.416666E-02 1.274948E+01
2.406475E-01 3.430633E-02 1.272689E+01
2.428764E-01 3.444848E-02 1.267214E+01
2.451260E-01 3.459316E-02 1.261731E+01
2.473964E-01 3.474037E-02 1.256242E+01
2.496878E-01 3.489014E-02 1.250748E+01
2.520005E-01 3.504250E-02 1.248232E+01
2.543346E-01 3.519742E-02 1.242696E+01
2.566903E-01 3.535492E-02 1.237162E+01
2.590678E-01 3.551502E-02 1.231632E+01
2.614673E-01 3.567777E-02 1.228944E+01
2.638891E-01 3.584313E-02 1.223388E+01
2.663333E-01 3.601114E-02 1.220614E+01
2.688001E-01 3.618179E-02 1.215041E+01
2.712898E-01 3.635511E-02 1.209481E+01
2.738025E-01 3.653114E-02 1.206605E+01
2.763385E-01 3.670983E-02 1.201038E+01
2.788980E-01 3.689125E-02 1.198096E+01
2.814812E-01 3.707538E-02 1.192529E+01
2.840884E-01 3.726226E-02 1.189528E+01
2.867196E-01 3.745187E-02 1.183969E+01
2.893753E-01 3.764426E-02 1.180916E+01
2.920556E-01 3.783943E-02 1.177826E+01
2.947606E-01 3.803737E-02 1.172272E+01
2.974908E-01 3.823814E-02 1.169141E+01
3.002462E-01 3.844172E-02 1.165979E+01
3.030271E-01 3.864812E-02 1.160445E+01
3.058338E-01 3.885739E-02 1.157251E+01
3.086665E-01 3.906952E-02 1.154032E+01
3.115254E-01 3.928453E-02 1.150787E+01
3.144108E-01 3.950241E-02 1.145289E+01
3.173230E-01 3.972323E-02 1.142026E+01
3.202621E-01 3.994696E-02 1.138743E+01
3.232284E-01 4.017364E-02 1.135441E+01
3.262222E-01 4.040327E-02 1.132123E+01
3.292437E-01 4.063587E-02 1.128789E+01
3.322933E-01 4.087146E-02 1.125442E+01
3.353710E-01 4.111005E-02 1.122082E+01
3.384773E-01 4.135166E-02 1.118710E+01
3.416123E-01 4.159631E-02 1.115329E+01
3.447764E-01 4.184401E-02 1.111940E+01
3.479698E-01 4.209479E-02 1.108543E+01
3.511928E-01 4.234865E-02 1.105140E+01
3.544456E-01 4.260561E-02 1.101733E+01
3.577285E-01 4.286571E-02 1.100210E+01
3.610419E-01 4.312894E-02 1.096773E+01
3.643859E-01 4.339532E-02 1.093336E+01
3.677609E-01 4.366489E-02 1.089898E+01
3.711672E-01 4.393765E-02 1.088263E+01
3.746050E-01 4.421362E-02 1.084806E+01
3.780747E-01 4.449282E-02 1.081353E+01
3.815765E-01 4.477529E-02 1.079644E+01
3.851107E-01 4.506101E-02 1.076178E+01
3.886777E-01 4.535002E-02 1.072719E+01
3.922777E-01 4.564235E-02 1.070946E+01
3.959110E-01 4.593800E-02 1.067482E+01
3.995780E-01 4.623700E-02 1.065666E+01
4.032790E-01 4.653938E-02 1.063824E+01
4.070142E-01 4.684513E-02 1.060347E+01
4.107841E-01 4.715431E-02 1.058469E+01
4.145888E-01 4.746690E-02 1.054997E+01
4.184289E-01 4.778296E-02 1.053088E+01
4.223044E-01 4.810249E-02 1.051157E+01
4.262159E-01 4.842551E-02 1.049206E+01
4.301636E-01 4.875204E-02 1.045733E+01
4.341478E-01 4.908212E-02 1.043758E+01
4.381690E-01 4.941576E-02 1.041766E+01
4.422274E-01 4.975298E-02 1.039757E+01
4.463234E-01 5.009381E-02 1.037732E+01
4.504573E-01 5.043826E-02 1.035692E+01
4.546295E-01 5.078637E-02 1.033638E+01
4.588404E-01 5.113815E-02 1.031572E+01
4.630903E-01 5.149364E-02 1.029493E+01
4.673795E-01 5.185284E-02 1.027404E+01
4.717085E-01 5.221579E-02 1.025304E+01
4.760775E-01 5.258251E-02 1.023194E+01
4.804870E-01 5.295303E-02 1.021077E+01
4.849374E-01 5.332737E-02 1.020252E+01
4.894290E-01 5.370556E-02 1.018105E+01
4.939622E-01 5.408761E-02 1.015952E+01
4.985373E-01 5.447356E-02 1.013794E+01
5.031549E-01 5.486344E-02 1.012877E+01
5.078152E-01 5.525726E-02 1.010697E+01
5.125187E-01 5.565506E-02 1.009733E+01
5.172657E-01 5.605686E-02 1.007534E+01
5.220568E-01 5.646269E-02 1.006528E+01
5.268921E-01 5.687257E-02 1.004313E+01
5.317723E-01 5.728654E-02 1.003267E+01
5.366977E-01 5.770461E-02 1.001039E+01
5.416687E-01 5.812682E-02 9.999572E+00
5.466857E-01 5.855320E-02 9.988528E+00
5.517492E-01 5.898377E-02 9.966048E+00
5.568596E-01 5.941856E-02 9.954690E+00
5.620174E-01 5.985761E-02 9.943133E+00
5.672229E-01 6.030094E-02 9.931385E+00
5.724766E-01 6.074857E-02 9.919452E+00
5.777790E-01 6.120055E-02 9.907344E+00
5.831305E-01 6.165688E-02 9.884520E+00
5.885316E-01 6.211762E-02 9.872189E+00
5.939827E-01 6.258280E-02 9.870040E+00
5.994843E-01 6.305243E-02 9.857304E+00
6.050368E-01 6.352655E-02 9.844428E+00
6.106408E-01 6.400519E-02 9.831421E+00
6.162966E-01 6.448839E-02 9.818289E+00
6.220049E-01 6.497617E-02 9.805039E+00
6.277660E-01 6.546857E-02 9.801412E+00
6.335805E-01 6.596561E-02 9.787843E+00
6.394488E-01 6.646734E-02 9.774177E+00
6.453715E-01 6.697378E-02 9.769870E+00
6.513491E-01 6.748497E-02 9.755927E+00
6.573820E-01 6.800094E-02 9.751174E+00
6.634708E-01 6.852172E-02 9.736982E+00
6.696160E-01 6.904735E-02 9.731812E+00
6.758181E-01 6.957786E-02 9.726403E+00
6.820777E-01 7.011328E-02 9.711836E+00
6.883952E-01 7.065366E-02 9.706051E+00
6.947713E-01 7.119902E-02 9.700048E+00
7.012064E-01 7.174940E-02 9.685163E+00
7.077011E-01 7.230484E-02 9.678823E+00
7.142559E-01 7.286536E-02 9.672285E+00
7.208715E-01 7.343102E-02 9.665555E+00
7.275484E-01 7.400184E-02 9.658640E+00
7.342870E-01 7.457785E-02 9.651545E+00
7.410882E-01 7.515910E-02 9.644278E+00
7.479523E-01 7.574563E-02 9.636844E+00
7.548799E-01 7.633747E-02 9.637292E+00
7.618718E-01 7.693465E-02 9.629467E+00
7.689284E-01 7.753722E-02 9.621493E+00
7.760503E-01 7.814522E-02 9.621202E+00
7.832383E-01 7.875867E-02 9.612874E+00
7.904928E-01 7.937763E-02 9.604415E+00
7.978145E-01 8.000213E-02 9.603443E+00
8.052040E-01 8.063220E-02 9.594665E+00
8.126619E-01 8.126790E-02 9.593248E+00
8.201889E-01 8.190925E-02 9.591586E+00
8.277857E-01 8.255630E-02 9.582337E+00
8.354528E-01 8.320910E-02 9.580266E+00
8.431909E-01 8.386767E-02 9.577969E+00
8.510007E-01 8.453206E-02 9.575450E+00
8.588829E-01 8.520231E-02 9.572717E+00
8.668380E-01 8.587846E-02 9.562748E+00
8.748668E-01 8.656056E-02 9.559664E+00
8.829700E-01 8.724865E-02 9.563287E+00
8.911482E-01 8.794277E-02 9.559753E+00
8.994022E-01 8.864295E-02 9.556032E+00
9.077327E-01 8.934925E-02 9.552130E+00
9.161402E-01 9.006171E-02 9.548054E+00
9.246257E-01 9.078038E-02 9.550418E+00
9.331898E-01 9.150528E-02 9.545947E+00
9.418332E-01 9.223647E-02 9.541317E+00
9.505566E-01 9.297400E-02 9.542974E+00
9.593608E-01 9.371791E-02 9.537983E+00
9.682466E-01 9.446824E-02 9.539178E+00
9.772147E-01 9.522503E-02 9.540127E+00
9.862658E-01 9.598834E-02 9.534604E+00
9.954008E-01 9.675821E-02 9.535124E+00
1.004620E+00 9.753469E-02 9.535413E+00
1.013925E+00 9.831781E-02 9.535476E+00
1.023317E+00 9.910764E-02 9.535319E+00
1.032795E+00 9.990421E-02 9.534946E+00
1.042361E+00 1.007076E-01 9.534364E+00
1.052015E+00 1.015178E-01 9.533577E+00
1.061759E+00 1.023349E-01 9.532590E+00
1.071593E+00 1.031589E-01 9.537187E+00
1.081519E+00 1.039899E-01 9.535767E+00
1.091536E+00 1.048279E-01 9.534163E+00
1.101646E+00 1.056731E-01 9.538017E+00
1.111850E+00 1.065253E-01 9.536011E+00
1.122148E+00 1.073848E-01 9.539381E+00
1.132541E+00 1.082514E-01 9.542496E+00
1.143031E+00 1.091254E-01 9.539900E+00
1.153618E+00 1.100066E-01 9.542562E+00
1.164303E+00 1.108953E-01 9.544983E+00
1.175087E+00 1.117914E-01 9.547170E+00
1.185971E+00 1.126950E-01 9.549127E+00
1.196956E+00 1.136061E-01 9.550858E+00
1.208042E+00 1.145248E-01 9.552369E+00
1.219231E+00 1.154511E-01 9.553665E+00
1.230524E+00 1.163852E-01 9.554750E+00
1.241921E+00 1.173269E-01 9.560713E+00
1.253424E+00 1.182765E-01 9.561349E+00
1.265034E+00 1.192339E-01 9.561790E+00
1.276751E+00 1.201993E-01 9.567003E+00
1.288576E+00 1.211726E-01 9.567025E+00
1.300511E+00 1.221539E-01 9.571751E+00
1.312557E+00 1.231433E-01 9.576222E+00
1.324714E+00 1.241407E-01 9.580443E+00
1.336984E+00 1.251464E-01 9.579641E+00
1.349367E+00 1.261603E-01 9.583413E+00
1.361865E+00 1.271825E-01 9.586949E+00
1.374479E+00 1.282131E-01 9.594923E+00
1.387210E+00 1.292520E-01 9.597965E+00
1.400058E+00 1.302994E-01 9.600786E+00
1.413026E+00 1.313553E-01 9.603389E+00
1.426114E+00 1.324198E-01 9.610310E+00
1.439323E+00 1.334929E-01 9.612456E+00
1.452654E+00 1.345747E-01 9.618862E+00
1.466109E+00 1.356653E-01 9.620571E+00
1.479688E+00 1.367646E-01 9.626480E+00
1.493393E+00 1.378728E-01 9.632131E+00
1.507225E+00 1.389900E-01 9.633198E+00
1.521186E+00 1.401161E-01 9.638381E+00
1.535275E+00 1.412512E-01 9.643319E+00
1.549495E+00 1.423955E-01 9.648018E+00
1.563847E+00 1.435489E-01 9.656688E+00
1.578331E+00 1.447115E-01 9.660890E+00
1.592950E+00 1.458834E-01 9.664866E+00
1.607704E+00 1.470647E-01 9.672734E+00
1.622595E+00 1.482553E-01 9.676240E+00
1.637624E+00 1.494554E-01 9.683587E+00
1.652792E+00 1.506650E-01 9.686640E+00
1.668101E+00 1.518843E-01 9.693484E+00
1.683551E+00 1.531131E-01 9.700068E+00
1.699144E+00 1.543517E-01 9.706397E+00
1.714882E+00 1.556001E-01 9.712476E+00
1.730766E+00 1.568583E-01 9.718308E+00
1.746796E+00 1.581264E-01 9.723898E+00
1.762975E+00 1.594044E-01 9.729250E+00
1.779304E+00 1.606925E-01 9.738169E+00
1.795785E+00 1.619907E-01 9.743030E+00
1.812418E+00 1.632990E-01 9.747666E+00
1.829205E+00 1.646176E-01 9.755801E+00
1.846147E+00 1.659464E-01 9.763666E+00
1.863246E+00 1.672856E-01 9.771265E+00
1.880504E+00 1.686352E-01 9.774959E+00
1.897922E+00 1.699953E-01 9.782064E+00
1.915501E+00 1.713659E-01 9.788916E+00
1.933242E+00 1.727471E-01 9.799087E+00
1.951148E+00 1.741391E-01 9.805420E+00
1.969220E+00 1.755417E-01 9.811512E+00
1.987460E+00 1.769552E-01 9.820862E+00
2.005868E+00 1.783796E-01 9.826459E+00
2.024447E+00 1.798149E-01 9.835274E+00
2.043197E+00 1.812612E-01 9.843817E+00
2.062122E+00 1.827187E-01 9.848690E+00
2.081222E+00 1.841872E-01 9.856723E+00
2.100498E+00 1.856670E-01 9.864495E+00
2.119953E+00 1.871581E-01 9.872010E+00
2.139589E+00 1.886605E-01 9.882581E+00
2.159406E+00 1.901744E-01 9.889573E+00
2.179407E+00 1.916997E-01 9.896320E+00
2.199593E+00 1.932366E-01 9.906068E+00
2.219966E+00 1.947852E-01 9.912316E+00
2.240528E+00 1.963454E-01 9.921528E+00
2.261280E+00 1.979175E-01 9.930468E+00
2.282224E+00 1.995013E-01 9.939139E+00
2.303363E+00 2.010971E-01 9.947545E+00
2.324697E+00 2.027049E-01 9.955691E+00
2.346229E+00 2.043247E-01 9.963581E+00
2.367960E+00 2.059567E-01 9.974289E+00
2.389893E+00 2.076008E-01 9.981655E+00
2.412028E+00 2.092573E-01 9.991808E+00
2.434369E+00 2.109260E-01 9.998668E+00
2.456916E+00 2.126072E-01 1.000828E+01
2.479673E+00 2.143009E-01 1.001762E+01
2.502640E+00 2.160071E-01 1.002669E+01
2.525820E+00 2.177260E-01 1.003549E+01
2.549215E+00 2.194576E-01 1.004403E+01
2.572826E+00 2.212019E-01 1.005521E+01
2.596656E+00 2.229591E-01 1.006322E+01
2.620707E+00 2.247292E-01 1.007383E+01
2.644980E+00 2.265123E-01 1.008132E+01
2.669478E+00 2.283085E-01 1.009139E+01
2.694204E+00 2.301178E-01 1.010118E+01
2.719158E+00 2.319403E-01 1.011070E+01
2.744343E+00 2.337762E-01 1.011995E+01
2.769762E+00 2.356254E-01 1.013168E+01
2.795416E+00 2.374880E-01 1.014038E+01
2.821308E+00 2.393641E-01 1.015154E+01
2.847439E+00 2.412538E-01 1.015971E+01
2.873813E+00 2.431572E-01 1.017031E+01
2.900430E+00 2.450743E-01 1.018063E+01
2.927295E+00 2.470053E-01 1.019067E+01
2.954408E+00 2.489501E-01 1.020043E+01
2.981772E+00 2.509089E-01 1.020993E+01
3.009390E+00 2.528817E-01 1.022175E+01
3.037264E+00 2.548686E-01 1.023069E+01
3.065395E+00 2.568697E-01 1.024194E+01
3.093788E+00 2.588851E-01 1.025036E+01
3.122443E+00 2.609148E-01 1.026105E+01
3.151363E+00 2.629589E-01 1.027146E+01
3.180552E+00 2.650175E-01 1.028159E+01
3.210011E+00 2.670906E-01 1.029393E+01
3.239743E+00 2.691784E-01 1.030350E+01
3.269750E+00 2.712809E-01 1.031526E+01
3.300035E+00 2.733982E-01 1.032428E+01
3.330600E+00 2.755304E-01 1.033547E+01
3.361449E+00 2.776775E-01 1.034637E+01
3.392583E+00 2.798396E-01 1.035698E+01
3.424006E+00 2.820168E-01 1.036732E+01
3.455720E+00 2.842092E-01 1.037974E+01
3.487727E+00 2.864168E-01 1.038951E+01
3.520031E+00 2.886397E-01 1.040135E+01
3.552635E+00 2.908781E-01 1.041289E+01
3.585540E+00 2.931319E-01 1.042184E+01
3.618750E+00 2.954012E-01 1.043510E+01
3.652267E+00 2.976862E-01 1.044578E+01
3.686095E+00 2.999868E-01 1.045618E+01
3.720237E+00 3.023033E-01 1.046855E+01
3.754694E+00 3.046356E-01 1.047839E+01
3.789471E+00 3.069838E-01 1.049017E+01
3.824570E+00 3.093480E-01 1.050166E+01
3.859994E+00 3.117283E-01 1.051287E+01
3.895746E+00 3.141247E-01 1.052378E+01
3.931829E+00 3.165374E-01 1.053658E+01
3.968246E+00 3.189663E-01 1.054692E+01
4.005001E+00 3.214116E-01 1.055912E+01
4.042096E+00 3.238734E-01 1.057103E+01
4.079535E+00 3.263517E-01 1.058263E+01
4.117320E+00 3.288466E-01 1.059395E+01
4.155455E+00 3.313582E-01 1.060498E+01
4.193944E+00 3.338865E-01 1.061573E+01
4.232789E+00 3.364317E-01 1.062825E+01
4.271994E+00 3.389938E-01 1.064047E+01
4.311562E+00 3.415728E-01 1.065240E+01
4.351497E+00 3.441688E-01 1.066402E+01
4.391801E+00 3.467820E-01 1.067536E+01
4.432479E+00 3.494124E-01 1.068641E+01
4.473533E+00 3.520600E-01 1.069916E+01
4.514968E+00 3.547250E-01 1.071160E+01
4.556786E+00 3.574074E-01 1.072374E+01
4.598992E+00 3.601073E-01 1.073558E+01
4.641589E+00 3.628247E-01 1.074713E+01
4.684580E+00 3.655598E-01 1.075838E+01
4.727970E+00 3.683125E-01 1.077127E+01
4.771761E+00 3.710831E-01 1.078384E+01
4.815958E+00 3.738715E-01 1.079611E+01
4.860564E+00 3.766777E-01 1.080808E+01
4.905584E+00 3.795020E-01 1.081976E+01
4.951020E+00 3.823443E-01 1.083113E+01
4.996877E+00 3.852048E-01 1.084407E+01
5.043159E+00 3.880834E-01 1.085670E+01
5.089870E+00 3.909804E-01 1.086902E+01
5.137014E+00 3.938956E-01 1.088104E+01
5.184594E+00 3.968293E-01 1.089275E+01
5.232614E+00 3.997814E-01 1.090597E+01
5.281080E+00 4.027520E-01 1.091709E+01
5.329994E+00 4.057413E-01 1.092970E+01
5.379362E+00 4.087493E-01 1.094199E+01
5.429186E+00 4.117759E-01 1.095574E+01
5.479472E+00 4.148214E-01 1.096743E+01
5.530224E+00 4.178858E-01 1.098055E+01
5.581446E+00 4.209691E-01 1.099163E+01
5.633143E+00 4.240714E-01 1.100413E+01
5.685318E+00 4.271928E-01 1.101804E+01
5.737976E+00 4.303333E-01 1.102992E+01
5.791123E+00 4.334931E-01 1.104319E+01
5.844761E+00 4.366720E-01 1.105446E+01
5.898896E+00 4.398703E-01 1.106711E+01
5.953533E+00 4.430880E-01 1.107944E+01
6.008676E+00 4.463252E-01 1.109312E+01
6.064329E+00 4.495818E-01 1.110483E+01
6.120498E+00 4.528580E-01 1.111787E+01
6.177188E+00 4.561539E-01 1.113060E+01
6.234402E+00 4.594694E-01 1.114301E+01
6.292146E+00 4.628047E-01 1.115671E+01
6.350425E+00 4.661598E-01 1.116850E+01
6.409244E+00 4.695348E-01 1.118157E+01
6.468608E+00 4.729297E-01 1.119431E+01
6.528521E+00 4.763445E-01 1.120674E+01
6.588990E+00 4.797794E-01 1.121886E+01
6.650018E+00 4.832344E-01 1.123222E+01
6.711612E+00 4.867096E-01 1.124526E+01
6.773776E+00 4.902049E-01 1.125797E+01
6.836516E+00 4.937205E-01 1.127037E+01
6.899837E+00 4.972564E-01 1.128396E+01
6.963745E+00 5.008127E-01 1.129573E+01
7.028244E+00 5.043893E-01 1.130868E+01
7.093341E+00 5.079865E-01 1.132132E+01
7.159041E+00 5.116041E-01 1.133511E+01
7.225349E+00 5.152423E-01 1.134710E+01
7.292272E+00 5.189011E-01 1.136024E+01
7.359814E+00 5.225805E-01 1.137306E+01
7.427982E+00 5.262807E-01 1.138556E+01
7.496782E+00 5.300016E-01 1.139917E+01
7.566219E+00 5.337433E-01 1.141103E+01
7.636298E+00 5.375058E-01 1.142400E+01
7.707027E+00 5.412892E-01 1.143804E+01
7.778411E+00 5.450935E-01 1.145036E+01
7.850456E+00 5.489188E-01 1.146374E+01
7.923169E+00 5.527651E-01 1.147542E+01
7.996555E+00 5.566324E-01 1.148953E+01
8.070620E+00 5.605208E-01 1.150194E+01
8.145372E+00 5.644303E-01 1.151403E+01
8.220816E+00 5.683610E-01 1.152715E+01
8.296959E+00 5.723129E-01 1.153995E+01
8.373807E+00 5.762859E-01 1.155376E+01
8.451366E+00 5.802803E-01 1.156590E+01
8.529644E+00 5.842959E-01 1.157904E+01
8.608648E+00 5.883329E-01 1.159185E+01
8.688383E+00 5.923912E-01 1.160434E+01
8.768856E+00 5.964709E-01 1.161780E+01
8.850075E+00 6.005720E-01 1.163092E+01
8.932046E+00 6.046946E-01 1.164372E+01
9.014776E+00 6.088386E-01 1.165618E+01
9.098273E+00 6.130041E-01 1.166959E+01
9.182543E+00 6.171911E-01 1.168140E+01
9.267593E+00 6.213997E-01 1.169414E+01
9.353432E+00 6.256298E-01 1.170781E+01
9.440065E+00 6.298815E-01 1.171989E+01
9.527500E+00 6.341548E-01 1.173288E+01
9.615746E+00 6.384497E-01 1.174554E+01
9.704809E+00 6.427663E-01 1.175908E+01
9.794697E+00 6.471045E-01 1.177107E+01
9.885417E+00 6.514644E-01 1.178395E+01
9.976978E+00 6.558459E-01 1.179769E+01
1.006939E+01 6.602492E-01 1.180988E+01
1.016265E+01 6.646741E-01 1.182294E+01
1.025678E+01 6.691208E-01 1.183566E+01
1.035178E+01 6.735892E-01 1.184804E+01
1.044766E+01 6.780793E-01 1.186126E+01
1.054443E+01 6.825912E-01 1.187414E+01
1.064209E+01 6.871248E-01 1.188667E+01
1.074066E+01 6.916801E-01 1.189887E+01
1.084014E+01 6.962572E-01 1.191188E+01
1.094055E+01 7.008560E-01 1.192455E+01
1.104188E+01 7.054766E-01 1.193687E+01
1.114415E+01 7.101189E-01 1.194999E+01
1.124737E+01 7.147830E-01 1.196276E+01
1.135155E+01 7.194687E-01 1.197518E+01
1.145669E+01 7.241762E-01 1.198838E+01
1.156280E+01 7.289055E-01 1.200012E+01
1.166990E+01 7.336564E-01 1.201263E+01
1.177799E+01 7.384290E-01 1.202588E+01
1.188708E+01 7.432233E-01 1.203770E+01
1.199718E+01 7.480393E-01 1.205026E+01
1.210830E+01 7.528769E-01 1.206355E+01
1.222045E+01 7.577362E-01 1.207542E+01
1.233363E+01 7.626171E-01 1.208800E+01
1.244787E+01 7.675195E-01 1.210025E+01
1.256317E+01 7.724436E-01 1.211319E+01
1.267953E+01 7.773892E-01 1.212579E+01
1.279697E+01 7.823563E-01 1.213803E+01
1.291550E+01 7.873450E-01 1.214993E+01
1.303512E+01 7.923550E-01 1.216252E+01
1.315586E+01 7.973866E-01 1.217475E+01
1.327771E+01 8.024395E-01 1.218764E+01
1.340069E+01 8.075138E-01 1.219918E+01
1.352481E+01 8.126095E-01 1.221138E+01
1.365008E+01 8.177265E-01 1.222422E+01
1.377651E+01 8.228647E-01 1.223671E+01
1.390411E+01 8.280241E-01 1.224884E+01
1.403289E+01 8.332048E-01 1.226063E+01
1.416287E+01 8.384065E-01 1.227304E+01
1.429405E+01 8.436294E-01 1.228510E+01
1.442644E+01 8.488733E-01 1.229681E+01
1.456006E+01 8.541382E-01 1.230913E+01
1.469492E+01 8.594241E-01 1.232110E+01
1.483103E+01 8.647308E-01 1.233366E+01
1.496839E+01 8.700584E-01 1.234492E+01
1.510703E+01 8.754068E-01 1.235677E+01
1.524696E+01 8.807759E-01 1.236920E+01
1.538818E+01 8.861657E-01 1.238127E+01
1.553071E+01 8.915761E-01 1.239298E+01
1.567455E+01 8.970070E-01 1.240526E+01
1.581973E+01 9.024584E-01 1.241627E+01
1.596626E+01 9.079302E-01 1.242874E+01
1.611414E+01 9.134223E-01 1.243996E+01
1.626340E+01 9.189347E-01 1.245171E+01
1.641403E+01 9.244674E-01 1.246400E+01
1.656606E+01 9.300201E-01 1.247505E+01
1.671950E+01 9.355929E-01 1.248662E+01
1.687436E+01 9.411856E-01 1.249871E+01
1.703065E+01 9.467983E-01 1.251044E+01
1.718839E+01 9.524307E-01 1.252181E+01
1.734759E+01 9.580829E-01 1.253283E+01
1.750827E+01 9.637547E-01 1.254435E+01
1.767044E+01 9.694461E-01 1.255636E+01
1.783410E+01 9.751569E-01 1.256716E+01
1.799929E+01 9.808871E-01 1.257845E+01
1.816600E+01 9.866365E-01 1.259022E+01
1.833425E+01 9.924052E-01 1.260163E+01
1.850407E+01 9.981929E-01 1.261267E+01
1.867546E+01 1.004000E+00 1.262418E+01
1.884843E+01 1.009825E+00 1.263533E+01
1.902301E+01 1.015670E+00 1.264612E+01
1.919921E+01 1.021533E+00 1.265736E+01
1.937703E+01 1.027414E+00 1.266823E+01
1.955651E+01 1.033314E+00 1.267955E+01
1.973764E+01 1.039233E+00 1.269051E+01
1.992046E+01 1.045169E+00 1.270110E+01
2.010496E+01 1.051124E+00 1.271213E+01
2.029118E+01 1.057097E+00 1.272279E+01
2.047912E+01 1.063087E+00 1.273387E+01
2.066880E+01 1.069095E+00 1.274458E+01
2.086024E+01 1.075121E+00 1.275570E+01
2.105345E+01 1.081165E+00 1.276646E+01
2.124845E+01 1.087226E+00 1.277685E+01
2.144526E+01 1.093304E+00 1.278763E+01
2.164389E+01 1.099399E+00 1.279806E+01
2.184436E+01 1.105511E+00 1.280812E+01
2.204669E+01 1.111640E+00 1.281931E+01
2.225089E+01 1.117786E+00 1.282939E+01
2.245698E+01 1.123948E+00 1.283984E+01
2.266498E+01 1.130127E+00 1.284993E+01
2.287491E+01 1.136322E+00 1.286039E+01
2.308678E+01 1.142533E+00 1.287048E+01
2.330061E+01 1.148760E+00 1.288092E+01
2.351643E+01 1.155003E+00 1.289100E+01
2.373424E+01 1.161262E+00 1.290143E+01
2.395407E+01 1.167536E+00 1.291148E+01
2.417594E+01 1.173826E+00 1.292118E+01
2.439986E+01 1.180131E+00 1.293121E+01
2.462586E+01 1.186451E+00 1.294087E+01
2.485395E+01 1.192785E+00 1.295086E+01
2.508415E+01 1.199135E+00 1.296049E+01
2.531648E+01 1.205499E+00 1.297044E+01
2.555097E+01 1.211878E+00 1.298001E+01
2.578763E+01 1.218270E+00 1.298990E+01
2.602648E+01 1.224677E+00 1.299942E+01
2.626754E+01 1.231098E+00 1.300925E+01
2.651084E+01 1.237532E+00 1.301871E+01
2.675638E+01 1.243980E+00 1.302779E+01
2.700421E+01 1.250442E+00 1.303718E+01
2.725433E+01 1.256916E+00 1.304685E+01
2.750676E+01 1.263404E+00 1.305616E+01
2.776153E+01 1.269904E+00 1.306509E+01
2.801867E+01 1.276417E+00 1.307431E+01
2.827818E+01 1.282942E+00 1.308380E+01
2.854010E+01 1.289480E+00 1.309291E+01
2.880444E+01 1.296030E+00 1.310166E+01
2.907123E+01 1.302591E+00 1.311068E+01
2.934050E+01 1.309164E+00 1.311932E+01
2.961225E+01 1.315749E+00 1.312823E+01
2.988653E+01 1.322345E+00 1.313739E+01
3.016334E+01 1.328952E+00 1.314617E+01
3.044272E+01 1.335570E+00 1.315459E+01
3.072469E+01 1.342199E+00 1.316325E+01
3.100927E+01 1.348838E+00 1.317215E+01
3.129648E+01 1.355487E+00 1.318067E+01
3.158635E+01 1.362146E+00 1.318883E+01
3.187891E+01 1.368816E+00 1.319722E+01
3.217418E+01 1.375494E+00 1.320584E+01
3.247218E+01 1.382183E+00 1.321408E+01
3.277295E+01 1.388880E+00 1.322196E+01
3.307650E+01 1.395586E+00 1.323006E+01
3.338286E+01 1.402301E+00 1.323837E+01
3.369206E+01 1.409025E+00 1.324630E+01
3.400412E+01 1.415757E+00 1.325445E+01
3.431907E+01 1.422497E+00 1.326222E+01
3.463694E+01 1.429245E+00 1.327020E+01
3.495776E+01 1.436000E+00 1.327781E+01
3.528154E+01 1.442763E+00 1.328561E+01
3.560833E+01 1.449533E+00 1.329360E+01
3.593814E+01 1.456310E+00 1.330122E+01
3.627100E+01 1.463094E+00 1.330847E+01
3.660695E+01 1.469884E+00 1.331591E+01
3.694601E+01 1.476680E+00 1.332353E+01
3.728821E+01 1.483483E+00 1.333077E+01
3.763358E+01 1.490291E+00 1.333819E+01
3.798215E+01 1.497105E+00 1.334524E+01
3.833395E+01 1.503924E+00 1.335246E+01
3.868901E+01 1.510748E+00 1.335931E+01
3.904735E+01 1.517576E+00 1.336633E+01
3.940902E+01 1.524410E+00 1.337350E+01
3.977403E+01 1.531247E+00 1.338031E+01
4.014242E+01 1.538089E+00 1.338727E+01
4.051423E+01 1.544934E+00 1.339386E+01
4.088948E+01 1.551783E+00 1.340060E+01
4.126821E+01 1.558636E+00 1.340748E+01
4.165044E+01 1.565491E+00 1.341400E+01
4.203622E+01 1.572349E+00 1.342066E+01
4.242556E+01 1.579210E+00 1.342694E+01
4.281852E+01 1.586073E+00 1.343337E+01
4.321511E+01 1.592938E+00 1.343942E+01
4.361538E+01 1.599804E+00 1.344561E+01
4.401935E+01 1.606673E+00 1.345193E+01
4.442707E+01 1.613542E+00 1.345788E+01
4.483856E+01 1.620413E+00 1.346395E+01
4.525386E+01 1.627284E+00 1.347015E+01
4.567301E+01 1.634156E+00 1.347597E+01
4.609604E+01 1.641028E+00 1.348191E+01
4.652300E+01 1.647899E+00 1.348748E+01
4.695390E+01 1.654771E+00 1.349317E+01
4.738880E+01 1.661642E+00 1.349896E+01
4.782772E+01 1.668512E+00 1.350439E+01
4.827071E+01 1.675381E+00 1.350992E+01
4.871780E+01 1.682248E+00 1.351509E+01
4.916904E+01 1.689114E+00 1.352082E+01
4.962445E+01 1.695978E+00 1.352572E+01
5.008408E+01 1.702840E+00 1.353118E+01
5.054797E+01 1.709700E+00 1.353627E+01
5.101615E+01 1.716556E+00 1.354146E+01
5.148867E+01 1.723410E+00 1.354628E+01
5.196557E+01 1.730260E+00 1.355118E+01
5.244689E+01 1.737107E+00 1.355617E+01
5.293266E+01 1.743950E+00 1.356079E+01
5.342293E+01 1.750789E+00 1.356550E+01
5.391775E+01 1.757623E+00 1.357028E+01
5.441714E+01 1.764453E+00 1.357470E+01
5.492116E+01 1.771278E+00 1.357920E+01
5.542986E+01 1.778098E+00 1.358333E+01
5.594326E+01 1.784912E+00 1.358797E+01
5.646141E+01 1.791721E+00 1.359224E+01
5.698437E+01 1.798524E+00 1.359615E+01
5.751217E+01 1.805320E+00 1.360055E+01
5.804486E+01 1.812110E+00 1.360459E+01
5.858248E+01 1.818893E+00 1.360827E+01
5.912508E+01 1.825669E+00 1.361243E+01
5.967271E+01 1.832438E+00 1.361622E+01
6.022541E+01 1.839198E+00 1.362007E+01
6.078323E+01 1.845952E+00 1.362356E+01
6.134622E+01 1.852696E+00 1.362711E+01
6.191442E+01 1.859433E+00 1.363070E+01
6.248788E+01 1.866160E+00 1.363434E+01
6.306666E+01 1.872879E+00 1.363762E+01
6.365079E+01 1.879588E+00 1.364094E+01
6.424034E+01 1.886288E+00 1.364392E+01
6.483534E+01 1.892978E+00 1.364732E+01
6.543586E+01 1.899658E+00 1.365037E+01
6.604194E+01 1.906328E+00 1.365346E+01
6.665363E+01 1.912987E+00 1.365619E+01
6.727099E+01 1.919635E+00 1.365896E+01
6.789407E+01 1.926272E+00 1.366176E+01
6.852292E+01 1.932897E+00 1.366459E+01
6.915759E+01 1.939511E+00 1.366745E+01
6.979814E+01 1.946112E+00 1.366996E+01
7.044462E+01 1.952702E+00 1.367249E+01
7.109709E+01 1.959279E+00 1.367467E+01
7.175561E+01 1.965843E+00 1.367725E+01
7.242022E+01 1.972394E+00 1.367947E+01
7.309099E+01 1.978932E+00 1.368172E+01
7.376798E+01 1.985456E+00 1.368362E+01
7.445123E+01 1.991967E+00 1.368553E+01
7.514081E+01 1.998463E+00 1.368783E+01
7.583678E+01 2.004945E+00 1.368941E+01
7.653919E+01 2.011412E+00 1.369137E+01
7.724811E+01 2.017865E+00 1.369298E+01
7.796360E+01 2.024302E+00 1.369496E+01
7.868572E+01 2.030724E+00 1.369624E+01
7.941452E+01 2.037131E+00 1.369788E+01
8.015007E+01 2.043521E+00 1.369917E+01
8.089243E+01 2.049895E+00 1.370082E+01
8.164168E+01 2.056253E+00 1.370212E+01
8.239786E+01 2.062594E+00 1.370308E+01
8.316104E+01 2.068919E+00 1.370439E+01
8.393129E+01 2.075226E+00 1.370535E+01
8.470868E+01 2.081515E+00 1.370632E+01
8.549327E+01 2.087787E+00 1.370728E+01
8.628513E+01 2.094042E+00 1.370824E+01
8.708431E+01 2.100278E+00 1.370886E+01
8.789091E+01 2.106495E+00 1.370980E+01
8.870497E+01 2.112694E+00 1.371041E+01
8.952657E+01 2.118874E+00 1.371068E+01
9.035578E+01 2.125035E+00 1.371127E+01
9.119268E+01 2.131177E+00 1.371184E+01
9.203732E+01 2.137299E+00 1.371209E+01
9.288979E+01 2.143401E+00 1.371232E+01
9.375015E+01 2.149483E+00 1.371253E+01
9.461848E+01 2.155545E+00 1.371242E+01
9.549486E+01 2.161586E+00 1.371261E+01
9.637935E+01 2.167607E+00 1.371246E+01
9.727203E+01 2.173607E+00 1.371230E+01
9.817298E+01 2.179585E+00 1.371212E+01
9.908228E+01 2.185542E+00 1.371192E+01
1.000000E+02 2.191478E+00 1.371170E+01
