1.000000E+01 2.361296E-01 1.142342E+01
1.047616E+01 2.420245E-01 1.127602E+01
1.097499E+01 2.483066E-01 1.113572E+01
1.149757E+01 2.550273E-01 1.099815E+01
1.204504E+01 2.622460E-01 1.086825E+01
1.261857E+01 2.700319E-01 1.073920E+01
1.321941E+01 2.784656E-01 1.061821E+01
1.384886E+01 2.876413E-01 1.050143E+01
1.450829E+01 2.976689E-01 1.039031E+01
1.519911E+01 3.086777E-01 1.028603E+01
1.592283E+01 3.208189E-01 1.018956E+01
1.668101E+01 3.342702E-01 1.009983E+01
1.747528E+01 3.492398E-01 1.001794E+01
1.830738E+01 3.659715E-01 9.946518E+00
1.917910E+01 3.847489E-01 9.886265E+00
2.009233E+01 4.058994E-01 9.837956E+00
2.104904E+01 4.297964E-01 9.803817E+00
2.205131E+01 4.568564E-01 9.785852E+00
2.310130E+01 4.875296E-01 9.784753E+00
2.420128E+01 5.222755E-01 9.804524E+00
2.535364E+01 5.615194E-01 9.844387E+00
2.656088E+01 6.055760E-01 9.906498E+00
2.782559E+01 6.545342E-01 9.989594E+00
2.915053E+01 7.080964E-01 1.009350E+01
3.053856E+01 7.653894E-01 1.021453E+01
3.199267E+01 8.247938E-01 1.034536E+01
3.351603E+01 8.839556E-01 1.047902E+01
3.511192E+01 9.416255E-01 1.060993E+01
3.678380E+01 9.980313E-01 1.073706E+01
3.853529E+01 1.053350E+00 1.085982E+01
4.037017E+01 1.107694E+00 1.097836E+01
4.229243E+01 1.161141E+00 1.109189E+01
4.430621E+01 1.213744E+00 1.120123E+01
4.641589E+01 1.265540E+00 1.130574E+01
4.862602E+01 1.316552E+00 1.140577E+01
5.094138E+01 1.366795E+00 1.150125E+01
5.336699E+01 1.416277E+00 1.159252E+01
5.590810E+01 1.465001E+00 1.167911E+01
5.857021E+01 1.512965E+00 1.176138E+01
6.135907E+01 1.560165E+00 1.183966E+01
6.428073E+01 1.606591E+00 1.191390E+01
6.734151E+01 1.652235E+00 1.198406E+01
7.054802E+01 1.697084E+00 1.205010E+01
7.390722E+01 1.741126E+00 1.211234E+01
7.742637E+01 1.784347E+00 1.217074E+01
8.111308E+01 1.826732E+00 1.222559E+01
8.497534E+01 1.868267E+00 1.227655E+01
8.902151E+01 1.908936E+00 1.232392E+01
9.326033E+01 1.948726E+00 1.236796E+01
9.770100E+01 1.987620E+00 1.240837E+01
1.023531E+02 2.025606E+00 1.244542E+01
1.072267E+02 2.062668E+00 1.247910E+01
1.123324E+02 2.098795E+00 1.250967E+01
1.176812E+02 2.133973E+00 1.253711E+01
1.232847E+02 2.168192E+00 1.256144E+01
1.291550E+02 2.201440E+00 1.258288E+01
1.353048E+02 2.233707E+00 1.260121E+01
1.417474E+02 2.264986E+00 1.261645E+01
1.484968E+02 2.295269E+00 1.262929E+01
1.555676E+02 2.324550E+00 1.263907E+01
1.629751E+02 2.352823E+00 1.264625E+01
1.707353E+02 2.380085E+00 1.265086E+01
1.788650E+02 2.406333E+00 1.265311E+01
1.873817E+02 2.431566E+00 1.265265E+01
1.963041E+02 2.455784E+00 1.264988E+01
2.056512E+02 2.478989E+00 1.264485E+01
2.154435E+02 2.501182E+00 1.263759E+01
2.257020E+02 2.522367E+00 1.262797E+01
2.364489E+02 2.542549E+00 1.261638E+01
2.477076E+02 2.561735E+00 1.260268E+01
2.595024E+02 2.579932E+00 1.258711E+01
2.718588E+02 2.597148E+00 1.256954E+01
2.848036E+02 2.613392E+00 1.255019E+01
2.983647E+02 2.628676E+00 1.252895E+01
3.125716E+02 2.643010E+00 1.250619E+01
3.274549E+02 2.656408E+00 1.248167E+01
3.430469E+02 2.668882E+00 1.245559E+01
3.593814E+02 2.680447E+00 1.242816E+01
3.764936E+02 2.691118E+00 1.239916E+01
3.944206E+02 2.700911E+00 1.236878E+01
4.132012E+02 2.709842E+00 1.233724E+01
4.328761E+02 2.717929E+00 1.230433E+01
4.534879E+02 2.725189E+00 1.227025E+01
4.750810E+02 2.731640E+00 1.223506E+01
4.977024E+02 2.737301E+00 1.219884E+01
5.214008E+02 2.742191E+00 1.216166E+01
5.462277E+02 2.746330E+00 1.212346E+01
5.722368E+02 2.749737E+00 1.208444E+01
5.994843E+02 2.752433E+00 1.204454E+01
6.280291E+02 2.754438E+00 1.200396E+01
6.579332E+02 2.755773E+00 1.196265E+01
6.892612E+02 2.756457E+00 1.192067E+01
7.220809E+02 2.756512E+00 1.187812E+01
7.564633E+02 2.755959E+00 1.183493E+01
7.924829E+02 2.754818E+00 1.179130E+01
8.302176E+02 2.753111E+00 1.174730E+01
8.697490E+02 2.750857E+00 1.170278E+01
9.111628E+02 2.748078E+00 1.165791E+01
9.545485E+02 2.744793E+00 1.161278E+01
1.000000E+03 2.741024E+00 1.156745E+01
