6.044593E+04 0.000000E+00 0.000000E+00
6.151737E+04 0.000000E+00 0.000000E+00
6.260779E+04 0.000000E+00 0.000000E+00
6.371755E+04 0.000000E+00 0.000000E+00
6.484698E+04 0.000000E+00 0.000000E+00
6.599643E+04 0.000000E+00 0.000000E+00
6.716625E+04 0.000000E+00 0.000000E+00
6.835681E+04 0.000000E+00 0.000000E+00
6.956847E+04 0.000000E+00 0.000000E+00
7.080161E+04 0.000000E+00 0.000000E+00
7.205661E+04 0.000000E+00 0.000000E+00
7.333385E+04 0.000000E+00 0.000000E+00
7.463373E+04 0.000000E+00 0.000000E+00
7.595666E+04 0.000000E+00 0.000000E+00
7.730303E+04 0.000000E+00 0.000000E+00
7.867327E+04 0.000000E+00 0.000000E+00
8.006779E+04 0.000000E+00 0.000000E+00
8.148704E+04 0.000000E+00 0.000000E+00
8.293144E+04 0.000000E+00 0.000000E+00
8.440145E+04 0.000000E+00 0.000000E+00
8.589751E+04 0.000000E+00 0.000000E+00
8.742009E+04 0.000000E+00 0.000000E+00
8.896966E+04 0.000000E+00 0.000000E+00
9.054669E+04 0.000000E+00 0.000000E+00
9.215168E+04 0.000000E+00 0.000000E+00
9.378512E+04 0.000000E+00 0.000000E+00
9.544751E+04 0.000000E+00 0.000000E+00
9.713937E+04 0.000000E+00 0.000000E+00
9.886122E+04 0.000000E+00 0.000000E+00
1.006136E+05 0.000000E+00 0.000000E+00
1.023970E+05 0.000000E+00 0.000000E+00
1.042121E+05 0.000000E+00 0.000000E+00
1.060593E+05 0.000000E+00 0.000000E+00
1.079392E+05 0.000000E+00 0.000000E+00
1.098525E+05 0.000000E+00 0.000000E+00
1.117997E+05 0.000000E+00 0.000000E+00
1.137814E+05 0.000000E+00 0.000000E+00
1.157983E+05 0.000000E+00 0.000000E+00
1.178509E+05 0.000000E+00 0.000000E+00
1.199398E+05 0.000000E+00 0.000000E+00
1.220658E+05 0.000000E+00 0.000000E+00
1.242295E+05 0.000000E+00 0.000000E+00
1.264315E+05 0.000000E+00 0.000000E+00
1.286726E+05 0.000000E+00 0.000000E+00
1.309534E+05 0.000000E+00 0.000000E+00
1.332746E+05 0.000000E+00 0.000000E+00
1.356370E+05 0.000000E+00 0.000000E+00
1.380412E+05 0.000000E+00 0.000000E+00
1.404881E+05 0.000000E+00 0.000000E+00
1.429783E+05 0.000000E+00 0.000000E+00
1.455127E+05 0.000000E+00 0.000000E+00
1.480920E+05 0.000000E+00 0.000000E+00
1.507170E+05 0.000000E+00 0.000000E+00
1.533885E+05 0.000000E+00 0.000000E+00
1.561074E+05 0.000000E+00 0.000000E+00
1.588745E+05 0.000000E+00 0.000000E+00
1.616906E+05 0.000000E+00 0.000000E+00
1.645567E+05 0.000000E+00 0.000000E+00
1.674736E+05 0.000000E+00 0.000000E+00
1.704421E+05 0.000000E+00 0.000000E+00
1.734633E+05 0.000000E+00 0.000000E+00
1.765380E+05 0.000000E+00 0.000000E+00
1.796673E+05 0.000000E+00 0.000000E+00
1.828520E+05 0.000000E+00 0.000000E+00
1.860931E+05 0.000000E+00 0.000000E+00
1.893917E+05 0.000000E+00 0.000000E+00
1.927488E+05 0.000000E+00 0.000000E+00
1.961654E+05 0.000000E+00 0.000000E+00
1.996425E+05 0.000000E+00 0.000000E+00
2.031813E+05 0.000000E+00 0.000000E+00
2.067828E+05 0.000000E+00 0.000000E+00
2.104481E+05 0.000000E+00 0.000000E+00
2.141784E+05 0.000000E+00 0.000000E+00
2.179749E+05 0.000000E+00 0.000000E+00
2.218386E+05 0.000000E+00 0.000000E+00
2.257708E+05 0.000000E+00 0.000000E+00
2.297727E+05 0.000000E+00 0.000000E+00
2.338455E+05 0.000000E+00 0.000000E+00
2.379906E+05 0.000000E+00 0.000000E+00
2.422091E+05 0.000000E+00 0.000000E+00
2.465024E+05 0.000000E+00 0.000000E+00
2.508718E+05 0.000000E+00 0.000000E+00
2.553186E+05 0.000000E+00 0.000000E+00
2.598443E+05 0.000000E+00 0.000000E+00
2.644502E+05 0.000000E+00 0.000000E+00
2.691377E+05 0.000000E+00 0.000000E+00
2.739083E+05 0.000000E+00 0.000000E+00
2.787635E+05 0.000000E+00 0.000000E+00
2.837047E+05 0.000000E+00 0.000000E+00
2.887335E+05 0.000000E+00 0.000000E+00
2.938515E+05 0.000000E+00 0.000000E+00
2.990602E+05 0.000000E+00 0.000000E+00
3.043612E+05 0.000000E+00 0.000000E+00
3.097561E+05 0.000000E+00 0.000000E+00
3.152467E+05 0.000000E+00 0.000000E+00
3.208346E+05 0.000000E+00 0.000000E+00
3.265216E+05 0.000000E+00 0.000000E+00
3.323094E+05 0.000000E+00 0.000000E+00
3.381998E+05 0.000000E+00 0.000000E+00
3.441945E+05 0.000000E+00 0.000000E+00
3.502956E+05 0.000000E+00 0.000000E+00
3.565047E+05 0.000000E+00 0.000000E+00
3.628240E+05 0.000000E+00 0.000000E+00
3.692552E+05 0.000000E+00 0.000000E+00
3.758005E+05 0.000000E+00 0.000000E+00
3.824618E+05 0.000000E+00 0.000000E+00
3.892411E+05 0.000000E+00 0.000000E+00
3.961406E+05 0.000000E+00 0.000000E+00
4.031624E+05 0.000000E+00 0.000000E+00
4.103087E+05 0.000000E+00 0.000000E+00
4.175816E+05 0.000000E+00 0.000000E+00
4.249835E+05 0.000000E+00 0.000000E+00
4.325166E+05 0.000000E+00 0.000000E+00
4.401832E+05 0.000000E+00 0.000000E+00
4.479856E+05 0.000000E+00 0.000000E+00
4.559264E+05 0.000000E+00 0.000000E+00
4.640080E+05 0.000000E+00 0.000000E+00
4.722328E+05 0.000000E+00 0.000000E+00
4.806034E+05 0.000000E+00 0.000000E+00
4.891223E+05 0.000000E+00 0.000000E+00
4.977923E+05 0.000000E+00 0.000000E+00
5.066159E+05 0.000000E+00 0.000000E+00
5.155960E+05 0.000000E+00 0.000000E+00
5.247352E+05 0.000000E+00 0.000000E+00
5.340364E+05 0.000000E+00 0.000000E+00
5.435025E+05 0.000000E+00 0.000000E+00
5.531364E+05 0.000000E+00 0.000000E+00
5.629410E+05 0.000000E+00 0.000000E+00
5.729194E+05 0.000000E+00 0.000000E+00
5.830748E+05 0.000000E+00 0.000000E+00
5.934101E+05 0.000000E+00 0.000000E+00
6.039286E+05 0.000000E+00 0.000000E+00
6.146336E+05 0.000000E+00 0.000000E+00
6.255283E+05 0.000000E+00 0.000000E+00
6.366161E+05 0.000000E+00 0.000000E+00
6.479005E+05 0.000000E+00 0.000000E+00
6.593849E+05 0.000000E+00 0.000000E+00
6.710728E+05 0.000000E+00 0.000000E+00
6.829679E+05 0.000000E+00 0.000000E+00
6.950739E+05 0.000000E+00 0.000000E+00
7.073945E+05 0.000000E+00 0.000000E+00
7.199334E+05 0.000000E+00 0.000000E+00
7.326947E+05 0.000000E+00 0.000000E+00
7.456821E+05 0.000000E+00 0.000000E+00
7.588997E+05 0.000000E+00 0.000000E+00
7.723516E+05 0.000000E+00 0.000000E+00
7.860420E+05 0.000000E+00 0.000000E+00
7.999750E+05 0.000000E+00 0.000000E+00
8.141550E+05 0.000000E+00 0.000000E+00
8.285863E+05 0.000000E+00 0.000000E+00
8.432735E+05 0.000000E+00 0.000000E+00
8.582209E+05 0.000000E+00 0.000000E+00
8.734334E+05 0.000000E+00 0.000000E+00
8.889155E+05 0.000000E+00 0.000000E+00
9.046720E+05 0.000000E+00 0.000000E+00
9.207078E+05 0.000000E+00 0.000000E+00
9.370278E+05 0.000000E+00 0.000000E+00
9.536372E+05 0.000000E+00 0.000000E+00
9.705409E+05 0.000000E+00 0.000000E+00
9.877443E+05 0.000000E+00 0.000000E+00
1.005253E+06 0.000000E+00 0.000000E+00
1.023071E+06 0.000000E+00 0.000000E+00
1.041206E+06 0.000000E+00 0.000000E+00
1.059662E+06 0.000000E+00 0.000000E+00
1.078445E+06 0.000000E+00 0.000000E+00
1.097561E+06 0.000000E+00 0.000000E+00
1.117016E+06 0.000000E+00 0.000000E+00
1.136815E+06 0.000000E+00 0.000000E+00
1.156966E+06 0.000000E+00 0.000000E+00
1.177474E+06 0.000000E+00 0.000000E+00
1.198345E+06 0.000000E+00 0.000000E+00
1.219587E+06 0.000000E+00 0.000000E+00
1.241204E+06 0.000000E+00 0.000000E+00
1.263205E+06 0.000000E+00 0.000000E+00
1.285596E+06 0.000000E+00 0.000000E+00
1.308384E+06 0.000000E+00 0.000000E+00
1.331576E+06 0.000000E+00 0.000000E+00
1.355179E+06 0.000000E+00 0.000000E+00
1.379200E+06 0.000000E+00 0.000000E+00
1.403647E+06 0.000000E+00 0.000000E+00
1.428528E+06 0.000000E+00 0.000000E+00
1.453849E+06 0.000000E+00 0.000000E+00
1.479620E+06 0.000000E+00 0.000000E+00
1.505847E+06 0.000000E+00 0.000000E+00
1.532539E+06 0.000000E+00 0.000000E+00
1.559704E+06 0.000000E+00 0.000000E+00
1.587350E+06 0.000000E+00 0.000000E+00
1.615487E+06 0.000000E+00 0.000000E+00
1.644122E+06 0.000000E+00 0.000000E+00
1.673265E+06 0.000000E+00 0.000000E+00
1.702925E+06 0.000000E+00 0.000000E+00
1.733110E+06 0.000000E+00 0.000000E+00
1.763830E+06 0.000000E+00 0.000000E+00
1.795095E+06 0.000000E+00 0.000000E+00
1.826914E+06 0.000000E+00 0.000000E+00
1.859297E+06 0.000000E+00 0.000000E+00
1.892254E+06 0.000000E+00 0.000000E+00
1.925796E+06 0.000000E+00 0.000000E+00
1.959931E+06 0.000000E+00 0.000000E+00
1.994672E+06 0.000000E+00 0.000000E+00
2.030029E+06 0.000000E+00 0.000000E+00
2.066012E+06 0.000000E+00 0.000000E+00
2.102633E+06 0.000000E+00 0.000000E+00
2.139904E+06 0.000000E+00 0.000000E+00
2.177835E+06 0.000000E+00 0.000000E+00
2.216438E+06 0.000000E+00 0.000000E+00
2.255726E+06 0.000000E+00 0.000000E+00
2.295710E+06 0.000000E+00 0.000000E+00
2.336402E+06 0.000000E+00 0.000000E+00
2.377816E+06 0.000000E+00 0.000000E+00
2.419964E+06 0.000000E+00 0.000000E+00
2.462860E+06 0.000000E+00 0.000000E+00
2.506515E+06 0.000000E+00 0.000000E+00
2.550945E+06 0.000000E+00 0.000000E+00
2.596161E+06 0.000000E+00 0.000000E+00
2.642180E+06 0.000000E+00 0.000000E+00
2.689014E+06 0.000000E+00 0.000000E+00
2.736678E+06 0.000000E+00 0.000000E+00
2.785187E+06 0.000000E+00 0.000000E+00
2.834556E+06 0.000000E+00 0.000000E+00
2.884800E+06 0.000000E+00 0.000000E+00
2.935935E+06 0.000000E+00 0.000000E+00
2.987976E+06 0.000000E+00 0.000000E+00
3.040939E+06 0.000000E+00 0.000000E+00
3.094842E+06 0.000000E+00 0.000000E+00
3.149699E+06 0.000000E+00 0.000000E+00
3.205530E+06 0.000000E+00 0.000000E+00
3.262349E+06 0.000000E+00 0.000000E+00
3.320176E+06 0.000000E+00 0.000000E+00
3.379028E+06 0.000000E+00 0.000000E+00
3.438923E+06 0.000000E+00 0.000000E+00
3.499880E+06 0.000000E+00 0.000000E+00
3.561917E+06 0.000000E+00 0.000000E+00
3.625054E+06 0.000000E+00 0.000000E+00
3.689310E+06 0.000000E+00 0.000000E+00
3.754706E+06 0.000000E+00 0.000000E+00
3.821260E+06 0.000000E+00 0.000000E+00
3.888994E+06 0.000000E+00 0.000000E+00
3.957928E+06 0.000000E+00 0.000000E+00
4.028085E+06 0.000000E+00 0.000000E+00
4.099485E+06 0.000000E+00 0.000000E+00
4.172150E+06 0.000000E+00 0.000000E+00
4.246104E+06 0.000000E+00 0.000000E+00
4.321368E+06 0.000000E+00 0.000000E+00
4.397967E+06 0.000000E+00 0.000000E+00
4.475923E+06 0.000000E+00 0.000000E+00
4.555262E+06 0.000000E+00 0.000000E+00
4.636006E+06 0.000000E+00 0.000000E+00
4.718182E+06 0.000000E+00 0.000000E+00
4.801814E+06 0.000000E+00 0.000000E+00
4.886929E+06 0.000000E+00 0.000000E+00
4.973552E+06 0.000000E+00 0.000000E+00
5.061711E+06 0.000000E+00 0.000000E+00
5.151433E+06 0.000000E+00 0.000000E+00
5.242745E+06 0.000000E+00 0.000000E+00
5.335675E+06 0.000000E+00 0.000000E+00
5.430253E+06 0.000000E+00 0.000000E+00
5.526507E+06 0.000000E+00 0.000000E+00
5.624468E+06 0.000000E+00 0.000000E+00
5.724164E+06 0.000000E+00 0.000000E+00
5.825628E+06 0.000000E+00 0.000000E+00
5.928891E+06 0.000000E+00 0.000000E+00
6.033984E+06 0.000000E+00 0.000000E+00
6.140939E+06 0.000000E+00 0.000000E+00
6.249791E+06 0.000000E+00 0.000000E+00
6.360572E+06 0.000000E+00 0.000000E+00
6.473316E+06 0.000000E+00 0.000000E+00
6.588059E+06 0.000000E+00 0.000000E+00
6.704836E+06 0.000000E+00 0.000000E+00
6.823683E+06 0.000000E+00 0.000000E+00
6.944637E+06 0.000000E+00 0.000000E+00
7.067734E+06 0.000000E+00 0.000000E+00
7.193014E+06 0.000000E+00 0.000000E+00
7.320514E+06 0.000000E+00 0.000000E+00
7.450274E+06 0.000000E+00 0.000000E+00
7.582334E+06 0.000000E+00 0.000000E+00
7.716735E+06 0.000000E+00 0.000000E+00
7.853518E+06 0.000000E+00 0.000000E+00
7.992726E+06 0.000000E+00 0.000000E+00
8.134402E+06 0.000000E+00 0.000000E+00
8.278588E+06 0.000000E+00 0.000000E+00
8.425331E+06 0.000000E+00 0.000000E+00
8.574675E+06 0.000000E+00 0.000000E+00
8.726665E+06 0.000000E+00 0.000000E+00
8.881350E+06 0.000000E+00 0.000000E+00
9.038777E+06 0.000000E+00 0.000000E+00
9.198994E+06 0.000000E+00 0.000000E+00
9.362051E+06 0.000000E+00 0.000000E+00
9.527999E+06 0.000000E+00 0.000000E+00
9.696888E+06 0.000000E+00 0.000000E+00
9.868771E+06 0.000000E+00 0.000000E+00
1.004370E+07 0.000000E+00 0.000000E+00
1.022173E+07 0.000000E+00 0.000000E+00
1.040292E+07 0.000000E+00 0.000000E+00
1.058731E+07 0.000000E+00 0.000000E+00
1.077498E+07 0.000000E+00 0.000000E+00
1.096597E+07 0.000000E+00 0.000000E+00
1.116035E+07 0.000000E+00 0.000000E+00
1.135817E+07 0.000000E+00 0.000000E+00
1.155950E+07 0.000000E+00 0.000000E+00
1.176440E+07 0.000000E+00 0.000000E+00
1.197293E+07 0.000000E+00 0.000000E+00
1.218516E+07 0.000000E+00 0.000000E+00
1.240115E+07 0.000000E+00 0.000000E+00
1.262096E+07 0.000000E+00 0.000000E+00
1.284468E+07 0.000000E+00 0.000000E+00
1.307236E+07 0.000000E+00 0.000000E+00
1.330407E+07 0.000000E+00 0.000000E+00
1.353989E+07 0.000000E+00 0.000000E+00
1.377989E+07 0.000000E+00 0.000000E+00
1.402415E+07 0.000000E+00 0.000000E+00
1.427274E+07 0.000000E+00 0.000000E+00
1.452573E+07 0.000000E+00 0.000000E+00
1.478320E+07 0.000000E+00 0.000000E+00
1.504525E+07 0.000000E+00 0.000000E+00
1.531193E+07 0.000000E+00 0.000000E+00
1.558334E+07 0.000000E+00 0.000000E+00
1.585957E+07 0.000000E+00 0.000000E+00
1.614069E+07 0.000000E+00 0.000000E+00
1.642679E+07 0.000000E+00 0.000000E+00
1.671796E+07 0.000000E+00 0.000000E+00
1.701430E+07 0.000000E+00 0.000000E+00
1.731588E+07 0.000000E+00 0.000000E+00
1.762282E+07 0.000000E+00 0.000000E+00
1.793519E+07 0.000000E+00 0.000000E+00
1.825310E+07 0.000000E+00 0.000000E+00
1.857665E+07 0.000000E+00 0.000000E+00
1.890593E+07 0.000000E+00 0.000000E+00
1.924105E+07 0.000000E+00 0.000000E+00
1.958211E+07 0.000000E+00 0.000000E+00
1.992921E+07 0.000000E+00 0.000000E+00
2.028247E+07 0.000000E+00 0.000000E+00
2.064198E+07 0.000000E+00 0.000000E+00
2.100787E+07 0.000000E+00 0.000000E+00
2.138025E+07 0.000000E+00 0.000000E+00
2.175923E+07 0.000000E+00 0.000000E+00
2.214492E+07 0.000000E+00 0.000000E+00
2.253745E+07 0.000000E+00 0.000000E+00
2.293694E+07 0.000000E+00 0.000000E+00
2.334351E+07 0.000000E+00 0.000000E+00
2.375729E+07 0.000000E+00 0.000000E+00
2.417840E+07 0.000000E+00 0.000000E+00
2.460697E+07 0.000000E+00 0.000000E+00
2.504315E+07 0.000000E+00 0.000000E+00
2.548705E+07 0.000000E+00 0.000000E+00
2.593882E+07 0.000000E+00 0.000000E+00
2.639860E+07 0.000000E+00 0.000000E+00
2.686653E+07 0.000000E+00 0.000000E+00
2.734275E+07 0.000000E+00 0.000000E+00
2.782742E+07 0.000000E+00 0.000000E+00
2.832068E+07 0.000000E+00 0.000000E+00
2.882267E+07 0.000000E+00 0.000000E+00
2.933357E+07 0.000000E+00 0.000000E+00
2.985353E+07 0.000000E+00 0.000000E+00
3.038270E+07 0.000000E+00 0.000000E+00
3.092125E+07 0.000000E+00 0.000000E+00
3.146934E+07 0.000000E+00 0.000000E+00
3.202715E+07 0.000000E+00 0.000000E+00
3.259485E+07 0.000000E+00 0.000000E+00
3.317261E+07 0.000000E+00 0.000000E+00
3.376062E+07 0.000000E+00 0.000000E+00
3.435904E+07 0.000000E+00 0.000000E+00
3.496807E+07 0.000000E+00 0.000000E+00
3.558790E+07 0.000000E+00 0.000000E+00
3.621872E+07 0.000000E+00 0.000000E+00
3.686071E+07 0.000000E+00 0.000000E+00
3.751409E+07 0.000000E+00 0.000000E+00
3.817905E+07 0.000000E+00 0.000000E+00
3.885579E+07 0.000000E+00 0.000000E+00
3.954453E+07 0.000000E+00 0.000000E+00
4.024548E+07 0.000000E+00 0.000000E+00
4.095885E+07 0.000000E+00 0.000000E+00
4.168487E+07 0.000000E+00 0.000000E+00
4.242376E+07 0.000000E+00 0.000000E+00
4.317574E+07 0.000000E+00 0.000000E+00
4.394106E+07 0.000000E+00 0.000000E+00
4.471994E+07 0.000000E+00 0.000000E+00
4.551262E+07 0.000000E+00 0.000000E+00
4.631936E+07 0.000000E+00 0.000000E+00
4.714039E+07 0.000000E+00 0.000000E+00
4.797598E+07 0.000000E+00 0.000000E+00
4.882638E+07 0.000000E+00 0.000000E+00
4.969186E+07 0.000000E+00 0.000000E+00
5.057267E+07 0.000000E+00 0.000000E+00
5.146910E+07 0.000000E+00 0.000000E+00
5.238142E+07 0.000000E+00 0.000000E+00
5.330991E+07 0.000000E+00 0.000000E+00
5.425486E+07 0.000000E+00 0.000000E+00
5.521655E+07 0.000000E+00 0.000000E+00
5.619530E+07 0.000000E+00 0.000000E+00
5.719139E+07 0.000000E+00 0.000000E+00
5.820514E+07 0.000000E+00 0.000000E+00
5.923685E+07 0.000000E+00 0.000000E+00
6.028686E+07 0.000000E+00 0.000000E+00
6.135548E+07 0.000000E+00 0.000000E+00
6.244304E+07 0.000000E+00 0.000000E+00
6.354987E+07 0.000000E+00 0.000000E+00
6.467633E+07 0.000000E+00 0.000000E+00
6.582275E+07 0.000000E+00 0.000000E+00
6.698950E+07 0.000000E+00 0.000000E+00
6.817692E+07 0.000000E+00 0.000000E+00
6.938540E+07 0.000000E+00 0.000000E+00
7.061529E+07 0.000000E+00 0.000000E+00
7.186698E+07 0.000000E+00 0.000000E+00
7.314087E+07 0.000000E+00 0.000000E+00
7.443733E+07 0.000000E+00 0.000000E+00
7.575677E+07 0.000000E+00 0.000000E+00
7.709960E+07 0.000000E+00 0.000000E+00
7.846623E+07 0.000000E+00 0.000000E+00
7.985709E+07 0.000000E+00 0.000000E+00
8.127260E+07 0.000000E+00 0.000000E+00
8.271320E+07 0.000000E+00 0.000000E+00
8.417934E+07 0.000000E+00 0.000000E+00
8.567146E+07 0.000000E+00 0.000000E+00
8.719004E+07 0.000000E+00 0.000000E+00
8.873553E+07 0.000000E+00 0.000000E+00
9.030841E+07 0.000000E+00 0.000000E+00
9.190918E+07 0.000000E+00 0.000000E+00
9.353832E+07 0.000000E+00 0.000000E+00
9.519634E+07 0.000000E+00 0.000000E+00
9.688374E+07 0.000000E+00 0.000000E+00
9.860106E+07 0.000000E+00 0.000000E+00
1.003488E+08 0.000000E+00 0.000000E+00
1.021276E+08 0.000000E+00 0.000000E+00
1.039378E+08 0.000000E+00 0.000000E+00
1.057802E+08 0.000000E+00 0.000000E+00
1.076552E+08 0.000000E+00 0.000000E+00
1.095634E+08 0.000000E+00 0.000000E+00
1.115055E+08 0.000000E+00 0.000000E+00
1.134820E+08 0.000000E+00 0.000000E+00
1.154935E+08 0.000000E+00 0.000000E+00
1.175407E+08 0.000000E+00 0.000000E+00
1.196242E+08 0.000000E+00 0.000000E+00
1.217446E+08 0.000000E+00 0.000000E+00
1.239026E+08 0.000000E+00 0.000000E+00
1.260988E+08 0.000000E+00 0.000000E+00
1.283340E+08 0.000000E+00 0.000000E+00
1.306088E+08 0.000000E+00 0.000000E+00
1.329239E+08 0.000000E+00 0.000000E+00
1.352801E+08 0.000000E+00 0.000000E+00
1.376780E+08 0.000000E+00 0.000000E+00
1.401184E+08 0.000000E+00 0.000000E+00
1.426021E+08 0.000000E+00 0.000000E+00
1.451298E+08 0.000000E+00 0.000000E+00
1.477023E+08 0.000000E+00 0.000000E+00
1.503204E+08 0.000000E+00 0.000000E+00
1.529849E+08 0.000000E+00 0.000000E+00
1.556966E+08 0.000000E+00 0.000000E+00
1.584564E+08 0.000000E+00 0.000000E+00
1.612651E+08 0.000000E+00 0.000000E+00
1.641237E+08 0.000000E+00 0.000000E+00
1.670328E+08 0.000000E+00 0.000000E+00
1.699936E+08 0.000000E+00 0.000000E+00
1.730068E+08 0.000000E+00 0.000000E+00
1.760735E+08 0.000000E+00 0.000000E+00
1.791945E+08 0.000000E+00 0.000000E+00
1.823708E+08 0.000000E+00 0.000000E+00
1.856034E+08 0.000000E+00 0.000000E+00
1.888933E+08 0.000000E+00 0.000000E+00
1.922416E+08 0.000000E+00 0.000000E+00
1.956491E+08 0.000000E+00 0.000000E+00
1.991171E+08 0.000000E+00 0.000000E+00
2.026466E+08 0.000000E+00 0.000000E+00
2.062386E+08 0.000000E+00 0.000000E+00
2.098943E+08 0.000000E+00 0.000000E+00
2.136148E+08 0.000000E+00 0.000000E+00
2.174012E+08 0.000000E+00 0.000000E+00
2.212548E+08 0.000000E+00 0.000000E+00
2.251767E+08 0.000000E+00 0.000000E+00
2.291680E+08 0.000000E+00 0.000000E+00
2.332302E+08 0.000000E+00 0.000000E+00
2.373643E+08 0.000000E+00 0.000000E+00
2.415717E+08 0.000000E+00 0.000000E+00
2.458537E+08 0.000000E+00 0.000000E+00
2.502116E+08 0.000000E+00 0.000000E+00
2.546467E+08 0.000000E+00 0.000000E+00
2.591605E+08 0.000000E+00 0.000000E+00
2.637542E+08 0.000000E+00 0.000000E+00
2.684294E+08 0.000000E+00 0.000000E+00
2.731875E+08 0.000000E+00 0.000000E+00
2.780299E+08 0.000000E+00 0.000000E+00
2.829581E+08 0.000000E+00 0.000000E+00
2.879737E+08 0.000000E+00 0.000000E+00
2.930782E+08 0.000000E+00 0.000000E+00
2.982732E+08 0.000000E+00 0.000000E+00
3.035602E+08 0.000000E+00 0.000000E+00
3.089410E+08 0.000000E+00 0.000000E+00
3.144171E+08 0.000000E+00 0.000000E+00
3.199903E+08 0.000000E+00 0.000000E+00
3.256623E+08 0.000000E+00 0.000000E+00
3.314349E+08 0.000000E+00 0.000000E+00
3.373098E+08 0.000000E+00 0.000000E+00
3.432888E+08 0.000000E+00 0.000000E+00
3.493737E+08 0.000000E+00 0.000000E+00
3.555666E+08 0.000000E+00 0.000000E+00
3.618692E+08 0.000000E+00 0.000000E+00
3.682835E+08 0.000000E+00 0.000000E+00
3.748115E+08 0.000000E+00 0.000000E+00
3.814553E+08 0.000000E+00 0.000000E+00
3.882168E+08 0.000000E+00 0.000000E+00
3.950981E+08 0.000000E+00 0.000000E+00
4.021015E+08 0.000000E+00 0.000000E+00
4.092289E+08 0.000000E+00 0.000000E+00
4.164827E+08 0.000000E+00 0.000000E+00
4.238651E+08 0.000000E+00 0.000000E+00
4.313784E+08 0.000000E+00 0.000000E+00
4.390248E+08 0.000000E+00 0.000000E+00
4.468067E+08 0.000000E+00 0.000000E+00
4.547266E+08 0.000000E+00 0.000000E+00
4.627869E+08 0.000000E+00 0.000000E+00
4.709901E+08 0.000000E+00 0.000000E+00
4.793386E+08 0.000000E+00 0.000000E+00
4.878352E+08 0.000000E+00 0.000000E+00
4.964823E+08 0.000000E+00 0.000000E+00
5.052827E+08 0.000000E+00 0.000000E+00
5.142391E+08 0.000000E+00 0.000000E+00
5.233543E+08 0.000000E+00 0.000000E+00
5.326310E+08 0.000000E+00 0.000000E+00
5.420722E+08 0.000000E+00 0.000000E+00
5.516807E+08 0.000000E+00 0.000000E+00
5.614596E+08 0.000000E+00 0.000000E+00
5.714118E+08 0.000000E+00 0.000000E+00
5.815403E+08 0.000000E+00 0.000000E+00
5.918485E+08 0.000000E+00 0.000000E+00
6.023393E+08 0.000000E+00 0.000000E+00
6.130161E+08 0.000000E+00 0.000000E+00
6.238821E+08 0.000000E+00 0.000000E+00
6.349408E+08 0.000000E+00 0.000000E+00
6.461955E+08 0.000000E+00 0.000000E+00
6.576496E+08 0.000000E+00 0.000000E+00
6.693068E+08 0.000000E+00 0.000000E+00
6.811707E+08 0.000000E+00 0.000000E+00
6.932448E+08 0.000000E+00 0.000000E+00
7.055329E+08 0.000000E+00 0.000000E+00
7.180389E+08 0.000000E+00 0.000000E+00
7.307665E+08 0.000000E+00 0.000000E+00
7.437197E+08 0.000000E+00 0.000000E+00
7.569026E+08 0.000000E+00 0.000000E+00
7.703191E+08 0.000000E+00 0.000000E+00
7.839734E+08 0.000000E+00 0.000000E+00
7.978698E+08 0.000000E+00 0.000000E+00
8.120125E+08 0.000000E+00 0.000000E+00
8.264058E+08 0.000000E+00 0.000000E+00
8.410543E+08 0.000000E+00 0.000000E+00
8.559625E+08 0.000000E+00 0.000000E+00
8.711349E+08 0.000000E+00 0.000000E+00
8.865762E+08 0.000000E+00 0.000000E+00
9.022913E+08 0.000000E+00 0.000000E+00
9.182849E+08 0.000000E+00 0.000000E+00
9.345620E+08 0.000000E+00 0.000000E+00
9.511276E+08 0.000000E+00 0.000000E+00
9.679868E+08 0.000000E+00 0.000000E+00
9.851449E+08 0.000000E+00 0.000000E+00
1.002607E+09 0.000000E+00 0.000000E+00
1.020379E+09 0.000000E+00 0.000000E+00
1.038466E+09 0.000000E+00 0.000000E+00
1.056873E+09 0.000000E+00 0.000000E+00
1.075607E+09 0.000000E+00 0.000000E+00
1.094672E+09 0.000000E+00 0.000000E+00
1.114076E+09 0.000000E+00 0.000000E+00
1.133824E+09 0.000000E+00 0.000000E+00
1.153921E+09 0.000000E+00 0.000000E+00
1.174375E+09 0.000000E+00 0.000000E+00
1.195192E+09 0.000000E+00 0.000000E+00
1.216377E+09 0.000000E+00 0.000000E+00
1.237938E+09 0.000000E+00 0.000000E+00
1.259881E+09 0.000000E+00 0.000000E+00
1.282213E+09 0.000000E+00 0.000000E+00
1.304941E+09 0.000000E+00 0.000000E+00
1.328072E+09 0.000000E+00 0.000000E+00
1.351613E+09 0.000000E+00 0.000000E+00
1.375571E+09 0.000000E+00 0.000000E+00
1.399954E+09 0.000000E+00 0.000000E+00
1.424769E+09 0.000000E+00 0.000000E+00
1.450023E+09 0.000000E+00 0.000000E+00
1.475726E+09 0.000000E+00 0.000000E+00
1.501884E+09 0.000000E+00 0.000000E+00
1.528506E+09 0.000000E+00 0.000000E+00
1.555599E+09 0.000000E+00 0.000000E+00
1.583173E+09 0.000000E+00 0.000000E+00
1.611236E+09 0.000000E+00 0.000000E+00
1.639796E+09 0.000000E+00 0.000000E+00
1.668862E+09 0.000000E+00 0.000000E+00
1.698443E+09 0.000000E+00 0.000000E+00
1.728549E+09 0.000000E+00 0.000000E+00
1.759189E+09 0.000000E+00 0.000000E+00
1.790371E+09 0.000000E+00 0.000000E+00
1.822107E+09 0.000000E+00 0.000000E+00
1.854404E+09 0.000000E+00 0.000000E+00
1.887275E+09 0.000000E+00 0.000000E+00
1.920728E+09 0.000000E+00 0.000000E+00
1.954774E+09 0.000000E+00 0.000000E+00
1.989423E+09 0.000000E+00 0.000000E+00
2.024687E+09 0.000000E+00 0.000000E+00
2.060575E+09 0.000000E+00 0.000000E+00
2.097100E+09 0.000000E+00 0.000000E+00
2.134272E+09 0.000000E+00 0.000000E+00
2.172104E+09 0.000000E+00 0.000000E+00
2.210605E+09 0.000000E+00 0.000000E+00
2.249790E+09 0.000000E+00 0.000000E+00
2.289668E+09 0.000000E+00 0.000000E+00
2.330254E+09 0.000000E+00 0.000000E+00
2.371559E+09 0.000000E+00 0.000000E+00
2.413596E+09 0.000000E+00 0.000000E+00
2.456378E+09 0.000000E+00 0.000000E+00
2.499919E+09 0.000000E+00 0.000000E+00
2.544231E+09 0.000000E+00 0.000000E+00
2.589329E+09 0.000000E+00 0.000000E+00
2.635227E+09 0.000000E+00 0.000000E+00
2.681937E+09 0.000000E+00 0.000000E+00
2.729476E+09 0.000000E+00 0.000000E+00
2.777858E+09 0.000000E+00 0.000000E+00
2.827097E+09 0.000000E+00 0.000000E+00
2.877209E+09 0.000000E+00 0.000000E+00
2.928209E+09 0.000000E+00 0.000000E+00
2.980113E+09 0.000000E+00 0.000000E+00
3.032937E+09 0.000000E+00 0.000000E+00
3.086697E+09 0.000000E+00 0.000000E+00
3.141411E+09 0.000000E+00 0.000000E+00
3.197094E+09 0.000000E+00 0.000000E+00
3.253764E+09 0.000000E+00 0.000000E+00
3.311439E+09 0.000000E+00 0.000000E+00
3.370136E+09 0.000000E+00 0.000000E+00
3.429874E+09 0.000000E+00 0.000000E+00
3.490670E+09 0.000000E+00 0.000000E+00
3.552544E+09 0.000000E+00 0.000000E+00
3.615515E+09 0.000000E+00 0.000000E+00
3.679602E+09 0.000000E+00 0.000000E+00
3.744825E+09 0.000000E+00 0.000000E+00
3.811204E+09 0.000000E+00 0.000000E+00
3.878759E+09 0.000000E+00 0.000000E+00
3.947513E+09 0.000000E+00 0.000000E+00
4.017484E+09 0.000000E+00 0.000000E+00
4.088696E+09 0.000000E+00 0.000000E+00
4.161171E+09 0.000000E+00 0.000000E+00
4.234930E+09 0.000000E+00 0.000000E+00
4.309996E+09 0.000000E+00 0.000000E+00
4.386393E+09 0.000000E+00 0.000000E+00
4.464145E+09 0.000000E+00 0.000000E+00
4.543274E+09 0.000000E+00 0.000000E+00
4.623806E+09 0.000000E+00 0.000000E+00
4.705765E+09 0.000000E+00 0.000000E+00
4.789178E+09 0.000000E+00 0.000000E+00
4.874069E+09 0.000000E+00 0.000000E+00
4.960464E+09 0.000000E+00 0.000000E+00
5.048391E+09 0.000000E+00 0.000000E+00
5.137876E+09 0.000000E+00 0.000000E+00
5.228948E+09 0.000000E+00 0.000000E+00
5.321634E+09 0.000000E+00 0.000000E+00
5.415963E+09 0.000000E+00 0.000000E+00
5.511964E+09 0.000000E+00 0.000000E+00
5.609666E+09 0.000000E+00 0.000000E+00
5.709101E+09 0.000000E+00 0.000000E+00
5.810298E+09 0.000000E+00 0.000000E+00
5.913288E+09 0.000000E+00 0.000000E+00
6.018105E+09 0.000000E+00 0.000000E+00
6.124779E+09 0.000000E+00 0.000000E+00
6.233344E+09 0.000000E+00 0.000000E+00
6.343833E+09 0.000000E+00 0.000000E+00
6.456281E+09 0.000000E+00 0.000000E+00
6.570722E+09 0.000000E+00 0.000000E+00
6.687192E+09 0.000000E+00 0.000000E+00
6.805726E+09 0.000000E+00 0.000000E+00
6.926361E+09 0.000000E+00 0.000000E+00
7.049135E+09 0.000000E+00 0.000000E+00
7.174085E+09 0.000000E+00 0.000000E+00
7.301249E+09 0.000000E+00 0.000000E+00
7.430668E+09 0.000000E+00 0.000000E+00
7.562381E+09 0.000000E+00 0.000000E+00
7.696428E+09 0.000000E+00 0.000000E+00
7.832851E+09 0.000000E+00 0.000000E+00
7.971693E+09 0.000000E+00 0.000000E+00
8.112995E+09 0.000000E+00 0.000000E+00
8.256803E+09 0.000000E+00 0.000000E+00
8.403159E+09 0.000000E+00 0.000000E+00
8.552110E+09 0.000000E+00 0.000000E+00
8.703700E+09 0.000000E+00 0.000000E+00
8.857978E+09 0.000000E+00 0.000000E+00
9.014991E+09 0.000000E+00 0.000000E+00
9.174786E+09 0.000000E+00 0.000000E+00
9.337414E+09 0.000000E+00 0.000000E+00
9.502925E+09 0.000000E+00 0.000000E+00
9.671370E+09 0.000000E+00 0.000000E+00
9.842800E+09 0.000000E+00 0.000000E+00
1.001727E+10 0.000000E+00 0.000000E+00
1.019483E+10 0.000000E+00 0.000000E+00
1.037554E+10 0.000000E+00 0.000000E+00
1.055945E+10 0.000000E+00 0.000000E+00
1.074662E+10 0.000000E+00 0.000000E+00
1.093711E+10 0.000000E+00 0.000000E+00
1.113098E+10 0.000000E+00 0.000000E+00
1.132828E+10 0.000000E+00 0.000000E+00
1.152908E+10 0.000000E+00 0.000000E+00
1.173344E+10 0.000000E+00 0.000000E+00
1.194142E+10 0.000000E+00 0.000000E+00
1.215309E+10 0.000000E+00 0.000000E+00
1.236851E+10 0.000000E+00 0.000000E+00
1.258775E+10 0.000000E+00 0.000000E+00
1.281088E+10 0.000000E+00 0.000000E+00
1.303796E+10 0.000000E+00 0.000000E+00
1.326906E+10 0.000000E+00 0.000000E+00
1.350426E+10 0.000000E+00 0.000000E+00
1.374363E+10 0.000000E+00 0.000000E+00
1.398725E+10 0.000000E+00 0.000000E+00
1.423518E+10 0.000000E+00 0.000000E+00
1.448750E+10 0.000000E+00 0.000000E+00
1.474430E+10 0.000000E+00 0.000000E+00
1.500565E+10 0.000000E+00 0.000000E+00
1.527164E+10 0.000000E+00 0.000000E+00
1.554233E+10 0.000000E+00 0.000000E+00
1.581783E+10 0.000000E+00 0.000000E+00
1.609821E+10 0.000000E+00 0.000000E+00
1.638356E+10 0.000000E+00 0.000000E+00
1.667397E+10 0.000000E+00 0.000000E+00
1.696952E+10 0.000000E+00 0.000000E+00
1.727032E+10 0.000000E+00 0.000000E+00
1.757644E+10 0.000000E+00 0.000000E+00
1.788799E+10 0.000000E+00 0.000000E+00
1.820507E+10 0.000000E+00 0.000000E+00
1.852776E+10 0.000000E+00 0.000000E+00
1.885618E+10 0.000000E+00 0.000000E+00
1.919041E+10 0.000000E+00 0.000000E+00
1.953057E+10 0.000000E+00 0.000000E+00
1.987676E+10 0.000000E+00 0.000000E+00
2.022909E+10 0.000000E+00 0.000000E+00
2.058766E+10 0.000000E+00 0.000000E+00
2.095259E+10 0.000000E+00 0.000000E+00
2.132399E+10 0.000000E+00 0.000000E+00
2.170197E+10 0.000000E+00 0.000000E+00
2.208665E+10 0.000000E+00 0.000000E+00
2.247814E+10 0.000000E+00 0.000000E+00
2.287658E+10 0.000000E+00 0.000000E+00
2.328208E+10 0.000000E+00 0.000000E+00
2.369477E+10 0.000000E+00 0.000000E+00
2.411477E+10 0.000000E+00 0.000000E+00
2.454222E+10 0.000000E+00 0.000000E+00
2.497724E+10 0.000000E+00 0.000000E+00
2.541998E+10 0.000000E+00 0.000000E+00
2.587056E+10 0.000000E+00 0.000000E+00
2.632913E+10 0.000000E+00 0.000000E+00
2.679583E+10 0.000000E+00 0.000000E+00
2.727080E+10 0.000000E+00 0.000000E+00
2.775419E+10 0.000000E+00 0.000000E+00
2.824615E+10 0.000000E+00 0.000000E+00
2.874683E+10 0.000000E+00 0.000000E+00
2.925638E+10 0.000000E+00 0.000000E+00
2.977496E+10 0.000000E+00 0.000000E+00
3.030274E+10 0.000000E+00 0.000000E+00
3.083987E+10 0.000000E+00 0.000000E+00
3.138653E+10 0.000000E+00 0.000000E+00
3.194287E+10 0.000000E+00 0.000000E+00
3.250908E+10 0.000000E+00 0.000000E+00
3.308532E+10 0.000000E+00 0.000000E+00
3.367177E+10 0.000000E+00 0.000000E+00
3.426862E+10 0.000000E+00 0.000000E+00
3.487605E+10 0.000000E+00 0.000000E+00
3.549425E+10 0.000000E+00 0.000000E+00
3.612340E+10 0.000000E+00 0.000000E+00
3.676371E+10 0.000000E+00 0.000000E+00
3.741537E+10 0.000000E+00 0.000000E+00
3.807858E+10 0.000000E+00 0.000000E+00
3.875354E+10 0.000000E+00 0.000000E+00
3.944047E+10 0.000000E+00 0.000000E+00
4.013957E+10 0.000000E+00 0.000000E+00
4.085107E+10 0.000000E+00 0.000000E+00
4.157518E+10 0.000000E+00 0.000000E+00
4.231212E+10 0.000000E+00 0.000000E+00
4.306212E+10 0.000000E+00 0.000000E+00
4.382542E+10 0.000000E+00 0.000000E+00
4.460225E+10 0.000000E+00 0.000000E+00
4.539285E+10 0.000000E+00 0.000000E+00
4.619746E+10 0.000000E+00 0.000000E+00
4.701634E+10 0.000000E+00 0.000000E+00
4.784973E+10 0.000000E+00 0.000000E+00
4.869789E+10 0.000000E+00 0.000000E+00
4.956109E+10 0.000000E+00 0.000000E+00
5.043959E+10 0.000000E+00 0.000000E+00
5.133366E+10 0.000000E+00 0.000000E+00
5.224357E+10 0.000000E+00 0.000000E+00
5.316962E+10 0.000000E+00 0.000000E+00
5.411208E+10 0.000000E+00 0.000000E+00
5.507125E+10 0.000000E+00 0.000000E+00
5.604741E+10 0.000000E+00 0.000000E+00
5.704088E+10 0.000000E+00 0.000000E+00
5.805197E+10 0.000000E+00 0.000000E+00
5.908097E+10 0.000000E+00 0.000000E+00
6.012821E+10 0.000000E+00 0.000000E+00
6.119402E+10 0.000000E+00 0.000000E+00
6.227871E+10 0.000000E+00 0.000000E+00
6.338264E+10 0.000000E+00 0.000000E+00
6.450613E+10 0.000000E+00 0.000000E+00
6.564954E+10 0.000000E+00 0.000000E+00
6.681321E+10 0.000000E+00 0.000000E+00
6.799751E+10 0.000000E+00 0.000000E+00
6.920280E+10 0.000000E+00 0.000000E+00
7.042946E+10 0.000000E+00 0.000000E+00
7.167786E+10 0.000000E+00 0.000000E+00
7.294839E+10 0.000000E+00 0.000000E+00
7.424144E+10 0.000000E+00 0.000000E+00
7.555741E+10 0.000000E+00 0.000000E+00
