1.000000E+02 2.192167E+00 1.370745E+01
6.999000E+02 2.792333E+00 1.236998E+01
1.299800E+03 2.736697E+00 1.169279E+01
1.899700E+03 2.671247E+00 1.129209E+01
2.499600E+03 2.615398E+00 1.102028E+01
3.099500E+03 2.568830E+00 1.082063E+01
3.699400E+03 2.529666E+00 1.066702E+01
4.299300E+03 2.496294E+00 1.054510E+01
4.899200E+03 2.467493E+00 1.044504E+01
5.499100E+03 2.442357E+00 1.036233E+01
6.099000E+03 2.420204E+00 1.029190E+01
6.698900E+03 2.400515E+00 1.023259E+01
7.298800E+03 2.382888E+00 1.018102E+01
7.898700E+03 2.367005E+00 1.013605E+01
8.498600E+03 2.352613E+00 1.009633E+01
9.098500E+03 2.339509E+00 1.006168E+01
9.698400E+03 2.327522E+00 1.003099E+01
1.029830E+04 2.316516E+00 1.000291E+01
1.089820E+04 2.306373E+00 9.978456E+00
1.149810E+04 2.296995E+00 9.956309E+00
1.209800E+04 2.288300E+00 9.936407E+00
1.269790E+04 2.280216E+00 9.918029E+00
1.329780E+04 2.272682E+00 9.901617E+00
1.389770E+04 2.265644E+00 9.885923E+00
1.449760E+04 2.259055E+00 9.872684E+00
1.509750E+04 2.252877E+00 9.859991E+00
1.569740E+04 2.247071E+00 9.848887E+00
1.629730E+04 2.241608E+00 9.838611E+00
1.689720E+04 2.236458E+00 9.828478E+00
1.749710E+04 2.231597E+00 9.819791E+00
1.809700E+04 2.227002E+00 9.812001E+00
1.869690E+04 2.222653E+00 9.804608E+00
1.929680E+04 2.218532E+00 9.798125E+00
1.989670E+04 2.214622E+00 9.791166E+00
2.049660E+04 2.210909E+00 9.785295E+00
2.109650E+04 2.207380E+00 9.780172E+00
2.169640E+04 2.204022E+00 9.775478E+00
2.229630E+04 2.200823E+00 9.770921E+00
2.289620E+04 2.197774E+00 9.767214E+00
2.349610E+04 2.194865E+00 9.763122E+00
2.409600E+04 2.192088E+00 9.759399E+00
2.469590E+04 2.189435E+00 9.755830E+00
2.529580E+04 2.186898E+00 9.753210E+00
2.589570E+04 2.184471E+00 9.750360E+00
2.649560E+04 2.182147E+00 9.748102E+00
2.709550E+04 2.179921E+00 9.745274E+00
2.769540E+04 2.177788E+00 9.743728E+00
2.829530E+04 2.175742E+00 9.741315E+00
2.889520E+04 2.173778E+00 9.739911E+00
2.949510E+04 2.171893E+00 9.738385E+00
3.009500E+04 2.170083E+00 9.736618E+00
3.069490E+04 2.168343E+00 9.735509E+00
3.129480E+04 2.166670E+00 9.733941E+00
3.189470E+04 2.165062E+00 9.732829E+00
3.249460E+04 2.163514E+00 9.732080E+00
3.309450E+04 2.162024E+00 9.731607E+00
3.369440E+04 2.160589E+00 9.730303E+00
3.429430E+04 2.159207E+00 9.730134E+00
3.489420E+04 2.157875E+00 9.728976E+00
3.549410E+04 2.156591E+00 9.728807E+00
3.609400E+04 2.155353E+00 9.728534E+00
3.669390E+04 2.154159E+00 9.728092E+00
3.729380E+04 2.153007E+00 9.727416E+00
3.789370E+04 2.151895E+00 9.727481E+00
3.849360E+04 2.150822E+00 9.727197E+00
3.909350E+04 2.149786E+00 9.727545E+00
3.969340E+04 2.148785E+00 9.727440E+00
4.029330E+04 2.147817E+00 9.727867E+00
4.089320E+04 2.146883E+00 9.727743E+00
4.149310E+04 2.145979E+00 9.728061E+00
4.209300E+04 2.145106E+00 9.727736E+00
4.269290E+04 2.144262E+00 9.727770E+00
4.329280E+04 2.143445E+00 9.728124E+00
4.389270E+04 2.142655E+00 9.728760E+00
4.449260E+04 2.141890E+00 9.728596E+00
4.509250E+04 2.141151E+00 9.728641E+00
4.569240E+04 2.140435E+00 9.729915E+00
4.629230E+04 2.139742E+00 9.730284E+00
4.689220E+04 2.139071E+00 9.730769E+00
4.749210E+04 2.138422E+00 9.730284E+00
4.809200E+04 2.137793E+00 9.730909E+00
4.869190E+04 2.137184E+00 9.731561E+00
4.929180E+04 2.136594E+00 9.732216E+00
4.989170E+04 2.136022E+00 9.732846E+00
5.049160E+04 2.135469E+00 9.733426E+00
5.109150E+04 2.134932E+00 9.733933E+00
5.169140E+04 2.134412E+00 9.734343E+00
5.229130E+04 2.133909E+00 9.735695E+00
5.289120E+04 2.133420E+00 9.735843E+00
5.349110E+04 2.132947E+00 9.736892E+00
5.409100E+04 2.132489E+00 9.736695E+00
5.469090E+04 2.132044E+00 9.737358E+00
5.529080E+04 2.131613E+00 9.738865E+00
5.589070E+04 2.131195E+00 9.739066E+00
5.649060E+04 2.130790E+00 9.740076E+00
5.709050E+04 2.130398E+00 9.740810E+00
5.769040E+04 2.130017E+00 9.741251E+00
5.829030E+04 2.129648E+00 9.742453E+00
5.889020E+04 2.129290E+00 9.743330E+00
5.949010E+04 2.128943E+00 9.743866E+00
6.009000E+04 2.128607E+00 9.744046E+00
6.068990E+04 2.128281E+00 9.744927E+00
6.128980E+04 2.127964E+00 9.745425E+00
6.188970E+04 2.127658E+00 9.746598E+00
6.248960E+04 2.127361E+00 9.747359E+00
6.308950E+04 2.127072E+00 9.748773E+00
6.368940E+04 2.126793E+00 9.748671E+00
6.428930E+04 2.126522E+00 9.750274E+00
6.488920E+04 2.126260E+00 9.750337E+00
6.548910E+04 2.126006E+00 9.751005E+00
6.608900E+04 2.125759E+00 9.752267E+00
6.668890E+04 2.125520E+00 9.753032E+00
6.728880E+04 2.125289E+00 9.754372E+00
6.788870E+04 2.125064E+00 9.754112E+00
6.848860E+04 2.124847E+00 9.755488E+00
6.908850E+04 2.124637E+00 9.756326E+00
6.968840E+04 2.124433E+00 9.756615E+00
7.028830E+04 2.124235E+00 9.757431E+00
7.088820E+04 2.124044E+00 9.758765E+00
7.148810E+04 2.123859E+00 9.759523E+00
7.208800E+04 2.123680E+00 9.760783E+00
7.268790E+04 2.123506E+00 9.761449E+00
7.328780E+04 2.123339E+00 9.761512E+00
7.388770E+04 2.123176E+00 9.763140E+00
7.448760E+04 2.123019E+00 9.764151E+00
7.508750E+04 2.122867E+00 9.764535E+00
7.568740E+04 2.122721E+00 9.765374E+00
7.628730E+04 2.122579E+00 9.765571E+00
7.688720E+04 2.122441E+00 9.767300E+00
7.748710E+04 2.122309E+00 9.767281E+00
7.808700E+04 2.122181E+00 9.768783E+00
7.868690E+04 2.122058E+00 9.769614E+00
7.928680E+04 2.121938E+00 9.769768E+00
7.988670E+04 2.121823E+00 9.771425E+00
8.048660E+04 2.121712E+00 9.771298E+00
8.108650E+04 2.121605E+00 9.772662E+00
8.168640E+04 2.121502E+00 9.773324E+00
8.228630E+04 2.121403E+00 9.774373E+00
8.288620E+04 2.121308E+00 9.774706E+00
8.348610E+04 2.121216E+00 9.775415E+00
8.408600E+04 2.121127E+00 9.776494E+00
8.468590E+04 2.121042E+00 9.777939E+00
8.528580E+04 2.120960E+00 9.778646E+00
8.588570E+04 2.120882E+00 9.778610E+00
8.648560E+04 2.120807E+00 9.780023E+00
8.708550E+04 2.120735E+00 9.780683E+00
8.768540E+04 2.120666E+00 9.781684E+00
8.828530E+04 2.120599E+00 9.781921E+00
8.888520E+04 2.120536E+00 9.782490E+00
8.948510E+04 2.120476E+00 9.783387E+00
9.008500E+04 2.120418E+00 9.784608E+00
9.068490E+04 2.120363E+00 9.785046E+00
9.128480E+04 2.120311E+00 9.785799E+00
9.188470E+04 2.120261E+00 9.786863E+00
9.248460E+04 2.120214E+00 9.787131E+00
9.308450E+04 2.120169E+00 9.788806E+00
9.368440E+04 2.120126E+00 9.789678E+00
9.428430E+04 2.120086E+00 9.789741E+00
9.488420E+04 2.120048E+00 9.791200E+00
9.548410E+04 2.120012E+00 9.791843E+00
9.608400E+04 2.119979E+00 9.792771E+00
9.668390E+04 2.119947E+00 9.792875E+00
9.728380E+04 2.119918E+00 9.793257E+00
9.788370E+04 2.119891E+00 9.795020E+00
9.848360E+04 2.119865E+00 9.794841E+00
9.908350E+04 2.119842E+00 9.796037E+00
9.968340E+04 2.119820E+00 9.796391E+00
1.002833E+05 2.119801E+00 9.797007E+00
1.008832E+05 2.119783E+00 9.797881E+00
1.014831E+05 2.119767E+00 9.799012E+00
1.020830E+05 2.119752E+00 9.799287E+00
1.026829E+05 2.119739E+00 9.799812E+00
1.032828E+05 2.119728E+00 9.800584E+00
1.038827E+05 2.119719E+00 9.801600E+00
1.044826E+05 2.119711E+00 9.802859E+00
1.050825E+05 2.119705E+00 9.803246E+00
1.056824E+05 2.119700E+00 9.803869E+00
1.062823E+05 2.119696E+00 9.804726E+00
1.068822E+05 2.119694E+00 9.805815E+00
1.074821E+05 2.119694E+00 9.806020E+00
1.080820E+05 2.119694E+00 9.806451E+00
1.086819E+05 2.119696E+00 9.807106E+00
1.092818E+05 2.119700E+00 9.807982E+00
1.098817E+05 2.119704E+00 9.809077E+00
1.104816E+05 2.119710E+00 9.809276E+00
1.110815E+05 2.119718E+00 9.809688E+00
1.116814E+05 2.119726E+00 9.811427E+00
1.122813E+05 2.119735E+00 9.811147E+00
1.128812E+05 2.119746E+00 9.812189E+00
1.134811E+05 2.119758E+00 9.813437E+00
1.140810E+05 2.119771E+00 9.813773E+00
1.146809E+05 2.119785E+00 9.814310E+00
1.152808E+05 2.119800E+00 9.815047E+00
1.158807E+05 2.119816E+00 9.815980E+00
1.164806E+05 2.119833E+00 9.815994E+00
1.170805E+05 2.119851E+00 9.817316E+00
1.176804E+05 2.119869E+00 9.817713E+00
1.182803E+05 2.119889E+00 9.818300E+00
1.188802E+05 2.119910E+00 9.819074E+00
1.194801E+05 2.119932E+00 9.820034E+00
1.200800E+05 2.119954E+00 9.820060E+00
1.206799E+05 2.119978E+00 9.821386E+00
1.212798E+05 2.120002E+00 9.821774E+00
1.218797E+05 2.120027E+00 9.822341E+00
1.224796E+05 2.120053E+00 9.823085E+00
1.230795E+05 2.120079E+00 9.822885E+00
1.236794E+05 2.120107E+00 9.823977E+00
1.242793E+05 2.120135E+00 9.824122E+00
1.248792E+05 2.120164E+00 9.825556E+00
1.254791E+05 2.120193E+00 9.826040E+00
1.260790E+05 2.120224E+00 9.826691E+00
1.266789E+05 2.120255E+00 9.827507E+00
1.272788E+05 2.120286E+00 9.827367E+00
1.278787E+05 2.120319E+00 9.828509E+00
1.284786E+05 2.120352E+00 9.828692E+00
1.290785E+05 2.120385E+00 9.829035E+00
1.296784E+05 2.120419E+00 9.830656E+00
1.302783E+05 2.120454E+00 9.830192E+00
1.308782E+05 2.120489E+00 9.831004E+00
1.314781E+05 2.120525E+00 9.831969E+00
1.320780E+05 2.120562E+00 9.831966E+00
1.326779E+05 2.120599E+00 9.833235E+00
1.332778E+05 2.120636E+00 9.833532E+00
1.338777E+05 2.120675E+00 9.833978E+00
1.344776E+05 2.120713E+00 9.834570E+00
1.350775E+05 2.120752E+00 9.835308E+00
1.356774E+05 2.120792E+00 9.836191E+00
1.362773E+05 2.120832E+00 9.836094E+00
1.368772E+05 2.120872E+00 9.837263E+00
1.374771E+05 2.120913E+00 9.837448E+00
1.380770E+05 2.120955E+00 9.837774E+00
1.386769E+05 2.120997E+00 9.839361E+00
1.392768E+05 2.121039E+00 9.839962E+00
1.398767E+05 2.121082E+00 9.839575E+00
1.404766E+05 2.121125E+00 9.840447E+00
1.410765E+05 2.121168E+00 9.841453E+00
1.416764E+05 2.121212E+00 9.841467E+00
1.422763E+05 2.121256E+00 9.842738E+00
1.428762E+05 2.121301E+00 9.843014E+00
1.434761E+05 2.121346E+00 9.843420E+00
1.440760E+05 2.121391E+00 9.843954E+00
1.446759E+05 2.121437E+00 9.844615E+00
1.452758E+05 2.121483E+00 9.845403E+00
1.458757E+05 2.121529E+00 9.845190E+00
1.464756E+05 2.121576E+00 9.846227E+00
1.470755E+05 2.121623E+00 9.846261E+00
1.476754E+05 2.121670E+00 9.847545E+00
1.482753E+05 2.121718E+00 9.847823E+00
1.488752E+05 2.121766E+00 9.848221E+00
1.494751E+05 2.121814E+00 9.848739E+00
1.500750E+05 2.121862E+00 9.849375E+00
1.506749E+05 2.121911E+00 9.850129E+00
1.512748E+05 2.121960E+00 9.849872E+00
1.518747E+05 2.122009E+00 9.850858E+00
1.524746E+05 2.122058E+00 9.850832E+00
1.530745E+05 2.122108E+00 9.852047E+00
1.536744E+05 2.122158E+00 9.852248E+00
1.542743E+05 2.122208E+00 9.852560E+00
1.548742E+05 2.122259E+00 9.852984E+00
1.554741E+05 2.122309E+00 9.853519E+00
1.560740E+05 2.122360E+00 9.854163E+00
1.566739E+05 2.122411E+00 9.854916E+00
1.572738E+05 2.122462E+00 9.854648E+00
1.578737E+05 2.122514E+00 9.855617E+00
1.584736E+05 2.122565E+00 9.856692E+00
1.590735E+05 2.122617E+00 9.856743E+00
1.596734E+05 2.122669E+00 9.856899E+00
1.602733E+05 2.122721E+00 9.857160E+00
1.608732E+05 2.122773E+00 9.857523E+00
1.614731E+05 2.122826E+00 9.857990E+00
1.620730E+05 2.122879E+00 9.858557E+00
1.626729E+05 2.122931E+00 9.859226E+00
1.632728E+05 2.122984E+00 9.859996E+00
1.638727E+05 2.123037E+00 9.860865E+00
1.644726E+05 2.123091E+00 9.860703E+00
1.650725E+05 2.123144E+00 9.861769E+00
1.656724E+05 2.123198E+00 9.861803E+00
1.662723E+05 2.123251E+00 9.861933E+00
1.668722E+05 2.123305E+00 9.863290E+00
1.674721E+05 2.123359E+00 9.863611E+00
1.680720E+05 2.123413E+00 9.864028E+00
1.686719E+05 2.123467E+00 9.864538E+00
1.692718E+05 2.123521E+00 9.865143E+00
1.698717E+05 2.123576E+00 9.864708E+00
1.704716E+05 2.123630E+00 9.865497E+00
1.710715E+05 2.123685E+00 9.866378E+00
1.716714E+05 2.123739E+00 9.866217E+00
1.722713E+05 2.123794E+00 9.867279E+00
1.728712E+05 2.123849E+00 9.867299E+00
1.734711E+05 2.123904E+00 9.867408E+00
1.740710E+05 2.123959E+00 9.867605E+00
1.746709E+05 2.124014E+00 9.869022E+00
1.752708E+05 2.124069E+00 9.869394E+00
1.758707E+05 2.124125E+00 9.869853E+00
1.764706E+05 2.124180E+00 9.870398E+00
1.770705E+05 2.124235E+00 9.869895E+00
1.776704E+05 2.124291E+00 9.870611E+00
1.782703E+05 2.124346E+00 9.871411E+00
1.788702E+05 2.124402E+00 9.871161E+00
1.794701E+05 2.124457E+00 9.872128E+00
1.800700E+05 2.124513E+00 9.872045E+00
1.806699E+05 2.124569E+00 9.873177E+00
1.812698E+05 2.124625E+00 9.873257E+00
1.818697E+05 2.124681E+00 9.873418E+00
1.824696E+05 2.124736E+00 9.873660E+00
1.830695E+05 2.124792E+00 9.873982E+00
1.836694E+05 2.124848E+00 9.874384E+00
1.842693E+05 2.124904E+00 9.874864E+00
1.848692E+05 2.124960E+00 9.875423E+00
1.854691E+05 2.125016E+00 9.876060E+00
1.860690E+05 2.125073E+00 9.876775E+00
1.866689E+05 2.125129E+00 9.876433E+00
1.872688E+05 2.125185E+00 9.877301E+00
1.878687E+05 2.125241E+00 9.878246E+00
1.884686E+05 2.125297E+00 9.878132E+00
1.890685E+05 2.125353E+00 9.878092E+00
1.896684E+05 2.125410E+00 9.879262E+00
1.902683E+05 2.125466E+00 9.879372E+00
1.908682E+05 2.125522E+00 9.879555E+00
1.914681E+05 2.125579E+00 9.879812E+00
1.920680E+05 2.125635E+00 9.880141E+00
1.926679E+05 2.125691E+00 9.880543E+00
1.932678E+05 2.125747E+00 9.881017E+00
1.938677E+05 2.125804E+00 9.881562E+00
1.944676E+05 2.125860E+00 9.882179E+00
1.950675E+05 2.125916E+00 9.882866E+00
1.956674E+05 2.125973E+00 9.882487E+00
1.962673E+05 2.126029E+00 9.883314E+00
1.968672E+05 2.126085E+00 9.883075E+00
1.974671E+05 2.126142E+00 9.884041E+00
1.980670E+05 2.126198E+00 9.883939E+00
1.986669E+05 2.126254E+00 9.885041E+00
1.992668E+05 2.126311E+00 9.885075E+00
1.998667E+05 2.126367E+00 9.885177E+00
2.004666E+05 2.126423E+00 9.885345E+00
2.010665E+05 2.126479E+00 9.885580E+00
2.016664E+05 2.126536E+00 9.887017E+00
2.022663E+05 2.126592E+00 9.887384E+00
2.028662E+05 2.126648E+00 9.886679E+00
2.034661E+05 2.126704E+00 9.887176E+00
2.040660E+05 2.126760E+00 9.887738E+00
2.046659E+05 2.126816E+00 9.888364E+00
2.052658E+05 2.126873E+00 9.889054E+00
2.058657E+05 2.126929E+00 9.888671E+00
2.064656E+05 2.126985E+00 9.889487E+00
2.070655E+05 2.127041E+00 9.889230E+00
2.076654E+05 2.127097E+00 9.890171E+00
2.082653E+05 2.127153E+00 9.890038E+00
2.088652E+05 2.127209E+00 9.891104E+00
2.094651E+05 2.127265E+00 9.891094E+00
2.100650E+05 2.127321E+00 9.891145E+00
2.106649E+05 2.127376E+00 9.891257E+00
2.112648E+05 2.127432E+00 9.892566E+00
2.118647E+05 2.127488E+00 9.892798E+00
2.124646E+05 2.127544E+00 9.893089E+00
2.130645E+05 2.127600E+00 9.893440E+00
2.136644E+05 2.127655E+00 9.893850E+00
2.142643E+05 2.127711E+00 9.894319E+00
2.148642E+05 2.127767E+00 9.893708E+00
2.154641E+05 2.127822E+00 9.894293E+00
2.160640E+05 2.127878E+00 9.894936E+00
2.166639E+05 2.127933E+00 9.895637E+00
2.172638E+05 2.127989E+00 9.895256E+00
2.178637E+05 2.128044E+00 9.896070E+00
2.184636E+05 2.128099E+00 9.895803E+00
2.190635E+05 2.128155E+00 9.896729E+00
2.196634E+05 2.128210E+00 9.896574E+00
2.202633E+05 2.128265E+00 9.897612E+00
2.208632E+05 2.128320E+00 9.897568E+00
2.214631E+05 2.128375E+00 9.897578E+00
2.220630E+05 2.128430E+00 9.897643E+00
2.226629E+05 2.128486E+00 9.898901E+00
2.232628E+05 2.128541E+00 9.899074E+00
2.238627E+05 2.128595E+00 9.899302E+00
2.244626E+05 2.128650E+00 9.899582E+00
2.250625E+05 2.128705E+00 9.899916E+00
2.256624E+05 2.128760E+00 9.900303E+00
2.262623E+05 2.128815E+00 9.900743E+00
2.268622E+05 2.128869E+00 9.900096E+00
2.274621E+05 2.128924E+00 9.900641E+00
2.280620E+05 2.128978E+00 9.901237E+00
2.286619E+05 2.129033E+00 9.901885E+00
2.292618E+05 2.129087E+00 9.901445E+00
2.298617E+05 2.129142E+00 9.902195E+00
2.304616E+05 2.129196E+00 9.901857E+00
2.310615E+05 2.129250E+00 9.902708E+00
2.316614E+05 2.129305E+00 9.902471E+00
2.322613E+05 2.129359E+00 9.903423E+00
2.328612E+05 2.129413E+00 9.903286E+00
2.334611E+05 2.129467E+00 9.904337E+00
2.340610E+05 2.129521E+00 9.904298E+00
2.346609E+05 2.129575E+00 9.904308E+00
2.352608E+05 2.129629E+00 9.904367E+00
2.358607E+05 2.129682E+00 9.905615E+00
2.364606E+05 2.129736E+00 9.905770E+00
2.370605E+05 2.129790E+00 9.905974E+00
2.376604E+05 2.129843E+00 9.906226E+00
2.382603E+05 2.129897E+00 9.906525E+00
2.388602E+05 2.129950E+00 9.906872E+00
2.394601E+05 2.130004E+00 9.907266E+00
2.400600E+05 2.130057E+00 9.906566E+00
2.406599E+05 2.130110E+00 9.907053E+00
2.412598E+05 2.130164E+00 9.907587E+00
2.418597E+05 2.130217E+00 9.908167E+00
2.424596E+05 2.130270E+00 9.908793E+00
2.430595E+05 2.130323E+00 9.908324E+00
2.436594E+05 2.130376E+00 9.909041E+00
2.442593E+05 2.130429E+00 9.908664E+00
2.448592E+05 2.130481E+00 9.909471E+00
2.454591E+05 2.130534E+00 9.909183E+00
2.460590E+05 2.130587E+00 9.910080E+00
2.466589E+05 2.130639E+00 9.909881E+00
2.472588E+05 2.130692E+00 9.910867E+00
2.478587E+05 2.130745E+00 9.910756E+00
2.484586E+05 2.130797E+00 9.910689E+00
2.490585E+05 2.130849E+00 9.911806E+00
2.496584E+05 2.130902E+00 9.911826E+00
2.502583E+05 2.130954E+00 9.911889E+00
2.508582E+05 2.131006E+00 9.911996E+00
2.514581E+05 2.131058E+00 9.912144E+00
2.520580E+05 2.131110E+00 9.912336E+00
2.526579E+05 2.131162E+00 9.912570E+00
2.532578E+05 2.131214E+00 9.912846E+00
2.538577E+05 2.131265E+00 9.913163E+00
2.544576E+05 2.131317E+00 9.913523E+00
2.550575E+05 2.131369E+00 9.913924E+00
2.556574E+05 2.131420E+00 9.914367E+00
2.562573E+05 2.131472E+00 9.914851E+00
2.568572E+05 2.131523E+00 9.914235E+00
2.574571E+05 2.131575E+00 9.914800E+00
2.580570E+05 2.131626E+00 9.915407E+00
2.586569E+05 2.131677E+00 9.916054E+00
2.592568E+05 2.131728E+00 9.915599E+00
2.598567E+05 2.131779E+00 9.916327E+00
2.604566E+05 2.131830E+00 9.915952E+00
2.610565E+05 2.131881E+00 9.916759E+00
2.616564E+05 2.131932E+00 9.916464E+00
2.622563E+05 2.131983E+00 9.917350E+00
2.628562E+05 2.132033E+00 9.917133E+00
2.634561E+05 2.132084E+00 9.918097E+00
2.640560E+05 2.132135E+00 9.917958E+00
2.646559E+05 2.132185E+00 9.917858E+00
2.652558E+05 2.132235E+00 9.917797E+00
2.658557E+05 2.132286E+00 9.918915E+00
2.664556E+05 2.132336E+00 9.918930E+00
2.670555E+05 2.132386E+00 9.918982E+00
2.676554E+05 2.132436E+00 9.919073E+00
2.682553E+05 2.132486E+00 9.919201E+00
2.688552E+05 2.132536E+00 9.919367E+00
2.694551E+05 2.132586E+00 9.919569E+00
2.700550E+05 2.132636E+00 9.919809E+00
2.706549E+05 2.132686E+00 9.920086E+00
2.712548E+05 2.132735E+00 9.920400E+00
2.718547E+05 2.132785E+00 9.920751E+00
2.724546E+05 2.132834E+00 9.921138E+00
2.730545E+05 2.132884E+00 9.921561E+00
2.736544E+05 2.132933E+00 9.922020E+00
2.742543E+05 2.132983E+00 9.921374E+00
2.748542E+05 2.133032E+00 9.921905E+00
2.754541E+05 2.133081E+00 9.922472E+00
2.760540E+05 2.133130E+00 9.923075E+00
2.766539E+05 2.133179E+00 9.922571E+00
2.772538E+05 2.133228E+00 9.923244E+00
2.778537E+05 2.133277E+00 9.922810E+00
2.784536E+05 2.133325E+00 9.923554E+00
2.790535E+05 2.133374E+00 9.923190E+00
2.796534E+05 2.133423E+00 9.924002E+00
2.802533E+05 2.133471E+00 9.923708E+00
2.808532E+05 2.133520E+00 9.924589E+00
2.814531E+05 2.133568E+00 9.924363E+00
2.820530E+05 2.133616E+00 9.925313E+00
2.826529E+05 2.133664E+00 9.925155E+00
2.832528E+05 2.133713E+00 9.925030E+00
2.838527E+05 2.133761E+00 9.926081E+00
2.844526E+05 2.133809E+00 9.926024E+00
2.850525E+05 2.133857E+00 9.926000E+00
2.856524E+05 2.133904E+00 9.926009E+00
2.862523E+05 2.133952E+00 9.926051E+00
2.868522E+05 2.134000E+00 9.926126E+00
2.874521E+05 2.134048E+00 9.927377E+00
2.880520E+05 2.134095E+00 9.927517E+00
2.886519E+05 2.134143E+00 9.927691E+00
2.892518E+05 2.134190E+00 9.927896E+00
2.898517E+05 2.134237E+00 9.928134E+00
2.904516E+05 2.134284E+00 9.928404E+00
2.910515E+05 2.134332E+00 9.928706E+00
2.916514E+05 2.134379E+00 9.927897E+00
2.922513E+05 2.134426E+00 9.928263E+00
2.928512E+05 2.134473E+00 9.928660E+00
2.934511E+05 2.134520E+00 9.929089E+00
2.940510E+05 2.134566E+00 9.929549E+00
2.946509E+05 2.134613E+00 9.928898E+00
2.952508E+05 2.134660E+00 9.929420E+00
2.958507E+05 2.134706E+00 9.929974E+00
2.964506E+05 2.134753E+00 9.930558E+00
2.970505E+05 2.134799E+00 9.930031E+00
2.976504E+05 2.134845E+00 9.930677E+00
2.982503E+05 2.134892E+00 9.930210E+00
2.988502E+05 2.134938E+00 9.930917E+00
2.994501E+05 2.134984E+00 9.931654E+00
3.000500E+05 2.135030E+00 9.931278E+00
3.006499E+05 2.135076E+00 9.932075E+00
3.012498E+05 2.135122E+00 9.931759E+00
3.018497E+05 2.135168E+00 9.931473E+00
3.024496E+05 2.135213E+00 9.932359E+00
3.030495E+05 2.135259E+00 9.932132E+00
3.036494E+05 2.135305E+00 9.933078E+00
3.042493E+05 2.135350E+00 9.932910E+00
3.048492E+05 2.135396E+00 9.932771E+00
3.054491E+05 2.135441E+00 9.932661E+00
3.060490E+05 2.135486E+00 9.933723E+00
3.066489E+05 2.135531E+00 9.933671E+00
3.072488E+05 2.135577E+00 9.933648E+00
3.078487E+05 2.135622E+00 9.933653E+00
3.084486E+05 2.135667E+00 9.933687E+00
3.090485E+05 2.135712E+00 9.934892E+00
3.096484E+05 2.135756E+00 9.934983E+00
3.102483E+05 2.135801E+00 9.935102E+00
3.108482E+05 2.135846E+00 9.935249E+00
3.114481E+05 2.135891E+00 9.935424E+00
3.120480E+05 2.135935E+00 9.935626E+00
3.126479E+05 2.135980E+00 9.935857E+00
3.132478E+05 2.136024E+00 9.936115E+00
3.138477E+05 2.136068E+00 9.936401E+00
3.144476E+05 2.136112E+00 9.935571E+00
3.150475E+05 2.136157E+00 9.935912E+00
3.156474E+05 2.136201E+00 9.936279E+00
3.162473E+05 2.136245E+00 9.936675E+00
3.168472E+05 2.136289E+00 9.937097E+00
3.174471E+05 2.136333E+00 9.937546E+00
3.180470E+05 2.136376E+00 9.936878E+00
3.186469E+05 2.136420E+00 9.937381E+00
3.192468E+05 2.136464E+00 9.937910E+00
3.198467E+05 2.136507E+00 9.937323E+00
3.204466E+05 2.136551E+00 9.937905E+00
3.210465E+05 2.136594E+00 9.938514E+00
3.216464E+05 2.136638E+00 9.938005E+00
3.222463E+05 2.136681E+00 9.938666E+00
3.228462E+05 2.136724E+00 9.938210E+00
3.234461E+05 2.136767E+00 9.938923E+00
3.240460E+05 2.136811E+00 9.938519E+00
3.246459E+05 2.136854E+00 9.939284E+00
3.252458E+05 2.136897E+00 9.938931E+00
3.258457E+05 2.136939E+00 9.939747E+00
3.264456E+05 2.136982E+00 9.939445E+00
3.270455E+05 2.137025E+00 9.940312E+00
3.276454E+05 2.137068E+00 9.940061E+00
3.282453E+05 2.137110E+00 9.939835E+00
3.288452E+05 2.137153E+00 9.940778E+00
3.294451E+05 2.137195E+00 9.940602E+00
3.300450E+05 2.137237E+00 9.940451E+00
3.306449E+05 2.137280E+00 9.941469E+00
3.312448E+05 2.137322E+00 9.941367E+00
3.318447E+05 2.137364E+00 9.941291E+00
3.324446E+05 2.137406E+00 9.941239E+00
3.330445E+05 2.137448E+00 9.941211E+00
3.336444E+05 2.137490E+00 9.942352E+00
3.342443E+05 2.137532E+00 9.942373E+00
3.348442E+05 2.137574E+00 9.942419E+00
3.354441E+05 2.137616E+00 9.942489E+00
3.360440E+05 2.137657E+00 9.942582E+00
3.366439E+05 2.137699E+00 9.942700E+00
3.372438E+05 2.137740E+00 9.942842E+00
3.378437E+05 2.137782E+00 9.943007E+00
3.384436E+05 2.137823E+00 9.943196E+00
3.390435E+05 2.137865E+00 9.943409E+00
3.396434E+05 2.137906E+00 9.943646E+00
3.402433E+05 2.137947E+00 9.943906E+00
3.408432E+05 2.137988E+00 9.944189E+00
3.414431E+05 2.138029E+00 9.944496E+00
3.420430E+05 2.138070E+00 9.943682E+00
3.426429E+05 2.138111E+00 9.944035E+00
3.432428E+05 2.138152E+00 9.944411E+00
3.438427E+05 2.138193E+00 9.944810E+00
3.444426E+05 2.138233E+00 9.945232E+00
3.450425E+05 2.138274E+00 9.944533E+00
3.456424E+05 2.138315E+00 9.945001E+00
3.462423E+05 2.138355E+00 9.945492E+00
3.468422E+05 2.138395E+00 9.946005E+00
3.474421E+05 2.138436E+00 9.945396E+00
3.480420E+05 2.138476E+00 9.945954E+00
3.486419E+05 2.138516E+00 9.946535E+00
3.492418E+05 2.138556E+00 9.945993E+00
3.498417E+05 2.138597E+00 9.946618E+00
3.504416E+05 2.138637E+00 9.946121E+00
3.510415E+05 2.138676E+00 9.946791E+00
3.516414E+05 2.138716E+00 9.946338E+00
3.522413E+05 2.138756E+00 9.947051E+00
3.528412E+05 2.138796E+00 9.946642E+00
3.534411E+05 2.138836E+00 9.947399E+00
3.540410E+05 2.138875E+00 9.947033E+00
3.546409E+05 2.138915E+00 9.947833E+00
3.552408E+05 2.138954E+00 9.947511E+00
3.558407E+05 2.138994E+00 9.948354E+00
3.564406E+05 2.139033E+00 9.948075E+00
3.570405E+05 2.139072E+00 9.947816E+00
3.576404E+05 2.139111E+00 9.948724E+00
3.582403E+05 2.139151E+00 9.948508E+00
3.588402E+05 2.139190E+00 9.948314E+00
3.594401E+05 2.139229E+00 9.949285E+00
3.600400E+05 2.139268E+00 9.949132E+00
3.606399E+05 2.139307E+00 9.949000E+00
3.612398E+05 2.139345E+00 9.948890E+00
3.618397E+05 2.139384E+00 9.949944E+00
3.624396E+05 2.139423E+00 9.949875E+00
3.630395E+05 2.139461E+00 9.949826E+00
3.636394E+05 2.139500E+00 9.949798E+00
3.642393E+05 2.139538E+00 9.949791E+00
3.648392E+05 2.139577E+00 9.949804E+00
3.654391E+05 2.139615E+00 9.949837E+00
3.660390E+05 2.139654E+00 9.951036E+00
3.666389E+05 2.139692E+00 9.951110E+00
3.672388E+05 2.139730E+00 9.951204E+00
3.678387E+05 2.139768E+00 9.951318E+00
3.684386E+05 2.139806E+00 9.951453E+00
3.690385E+05 2.139844E+00 9.951607E+00
3.696384E+05 2.139882E+00 9.951781E+00
3.702383E+05 2.139920E+00 9.951976E+00
3.708382E+05 2.139958E+00 9.952190E+00
3.714381E+05 2.139995E+00 9.951279E+00
3.720380E+05 2.140033E+00 9.951532E+00
3.726379E+05 2.140071E+00 9.951805E+00
3.732378E+05 2.140108E+00 9.952098E+00
3.738377E+05 2.140146E+00 9.952410E+00
3.744376E+05 2.140183E+00 9.952741E+00
3.750375E+05 2.140220E+00 9.953092E+00
3.756374E+05 2.140258E+00 9.952318E+00
3.762373E+05 2.140295E+00 9.952707E+00
3.768372E+05 2.140332E+00 9.953116E+00
3.774371E+05 2.140369E+00 9.953544E+00
3.780370E+05 2.140406E+00 9.952846E+00
3.786369E+05 2.140443E+00 9.953312E+00
3.792368E+05 2.140480E+00 9.953796E+00
3.798367E+05 2.140517E+00 9.954300E+00
3.804366E+05 2.140554E+00 9.953678E+00
3.810365E+05 2.140590E+00 9.954219E+00
3.816364E+05 2.140627E+00 9.953634E+00
3.822363E+05 2.140664E+00 9.954213E+00
3.828362E+05 2.140700E+00 9.954810E+00
3.834361E+05 2.140737E+00 9.954281E+00
3.840360E+05 2.140773E+00 9.954916E+00
3.846359E+05 2.140809E+00 9.954424E+00
3.852358E+05 2.140846E+00 9.955095E+00
3.858357E+05 2.140882E+00 9.954639E+00
3.864356E+05 2.140918E+00 9.955347E+00
3.870355E+05 2.140954E+00 9.954928E+00
3.876354E+05 2.140990E+00 9.955672E+00
3.882353E+05 2.141026E+00 9.955289E+00
3.888352E+05 2.141062E+00 9.956069E+00
3.894351E+05 2.141098E+00 9.955723E+00
3.900350E+05 2.141134E+00 9.956539E+00
3.906349E+05 2.141170E+00 9.956228E+00
3.912348E+05 2.141205E+00 9.955935E+00
3.918347E+05 2.141241E+00 9.956804E+00
3.924346E+05 2.141277E+00 9.956546E+00
3.930345E+05 2.141312E+00 9.956306E+00
3.936344E+05 2.141348E+00 9.957229E+00
3.942343E+05 2.141383E+00 9.957024E+00
3.948342E+05 2.141418E+00 9.956836E+00
3.954341E+05 2.141454E+00 9.956666E+00
3.960340E+05 2.141489E+00 9.957659E+00
3.966339E+05 2.141524E+00 9.957523E+00
3.972338E+05 2.141559E+00 9.957405E+00
3.978337E+05 2.141594E+00 9.957305E+00
3.984336E+05 2.141629E+00 9.958366E+00
3.990335E+05 2.141664E+00 9.958300E+00
3.996334E+05 2.141699E+00 9.958250E+00
4.002333E+05 2.141734E+00 9.958218E+00
4.008332E+05 2.141769E+00 9.958203E+00
4.014331E+05 2.141803E+00 9.958204E+00
4.020330E+05 2.141838E+00 9.958223E+00
4.026329E+05 2.141872E+00 9.958258E+00
4.032328E+05 2.141907E+00 9.959455E+00
4.038327E+05 2.141942E+00 9.959524E+00
4.044326E+05 2.141976E+00 9.959609E+00
4.050325E+05 2.142010E+00 9.959711E+00
4.056324E+05 2.142045E+00 9.959830E+00
4.062323E+05 2.142079E+00 9.959965E+00
4.068322E+05 2.142113E+00 9.960117E+00
4.074321E+05 2.142147E+00 9.960285E+00
4.080320E+05 2.142181E+00 9.959324E+00
4.086319E+05 2.142215E+00 9.959525E+00
4.092318E+05 2.142249E+00 9.959742E+00
4.098317E+05 2.142283E+00 9.959975E+00
4.104316E+05 2.142317E+00 9.960225E+00
4.110315E+05 2.142351E+00 9.960491E+00
4.116314E+05 2.142384E+00 9.960772E+00
4.122313E+05 2.142418E+00 9.961070E+00
4.128312E+05 2.142452E+00 9.961384E+00
4.134311E+05 2.142485E+00 9.960569E+00
4.140310E+05 2.142519E+00 9.960915E+00
4.146309E+05 2.142552E+00 9.961276E+00
4.152308E+05 2.142586E+00 9.961654E+00
4.158307E+05 2.142619E+00 9.960902E+00
4.164306E+05 2.142652E+00 9.961311E+00
4.170305E+05 2.142686E+00 9.961736E+00
4.176304E+05 2.142719E+00 9.962176E+00
4.182303E+05 2.142752E+00 9.961487E+00
4.188302E+05 2.142785E+00 9.961958E+00
4.194301E+05 2.142818E+00 9.962445E+00
4.200300E+05 2.142851E+00 9.961803E+00
4.206299E+05 2.142884E+00 9.962321E+00
4.212298E+05 2.142917E+00 9.962854E+00
4.218297E+05 2.142950E+00 9.962258E+00
4.224296E+05 2.142982E+00 9.962821E+00
4.230295E+05 2.143015E+00 9.963401E+00
4.236294E+05 2.143048E+00 9.962850E+00
4.242293E+05 2.143080E+00 9.963459E+00
4.248292E+05 2.143113E+00 9.962939E+00
4.254291E+05 2.143145E+00 9.963579E+00
4.260290E+05 2.143178E+00 9.963089E+00
4.266289E+05 2.143210E+00 9.963758E+00
4.272288E+05 2.143243E+00 9.963298E+00
4.278287E+05 2.143275E+00 9.963998E+00
4.284286E+05 2.143307E+00 9.963567E+00
4.290285E+05 2.143339E+00 9.964297E+00
4.296284E+05 2.143371E+00 9.963896E+00
4.302283E+05 2.143403E+00 9.964655E+00
4.308282E+05 2.143435E+00 9.964283E+00
4.314281E+05 2.143467E+00 9.963926E+00
4.320280E+05 2.143499E+00 9.964729E+00
4.326279E+05 2.143531E+00 9.964402E+00
4.332278E+05 2.143563E+00 9.965234E+00
4.338277E+05 2.143595E+00 9.964935E+00
4.344276E+05 2.143626E+00 9.964651E+00
4.350275E+05 2.143658E+00 9.965527E+00
4.356274E+05 2.143690E+00 9.965271E+00
4.362273E+05 2.143721E+00 9.965031E+00
4.368272E+05 2.143753E+00 9.965949E+00
4.374271E+05 2.143784E+00 9.965737E+00
4.380270E+05 2.143816E+00 9.965539E+00
4.386269E+05 2.143847E+00 9.965355E+00
4.392268E+05 2.143878E+00 9.966330E+00
4.398267E+05 2.143910E+00 9.966175E+00
4.404266E+05 2.143941E+00 9.966033E+00
4.410265E+05 2.143972E+00 9.965906E+00
4.416264E+05 2.144003E+00 9.965792E+00
4.422263E+05 2.144034E+00 9.966838E+00
4.428262E+05 2.144065E+00 9.966752E+00
4.434261E+05 2.144096E+00 9.966681E+00
4.440260E+05 2.144127E+00 9.966623E+00
4.446259E+05 2.144158E+00 9.966579E+00
4.452258E+05 2.144189E+00 9.966549E+00
4.458257E+05 2.144219E+00 9.966532E+00
4.464256E+05 2.144250E+00 9.966530E+00
4.470255E+05 2.144281E+00 9.967685E+00
4.476254E+05 2.144311E+00 9.967710E+00
4.482253E+05 2.144342E+00 9.967748E+00
4.488252E+05 2.144372E+00 9.967800E+00
4.494251E+05 2.144403E+00 9.967865E+00
4.500250E+05 2.144433E+00 9.967944E+00
4.506249E+05 2.144463E+00 9.968036E+00
4.512248E+05 2.144494E+00 9.968141E+00
4.518247E+05 2.144524E+00 9.968260E+00
4.524246E+05 2.144554E+00 9.968393E+00
4.530245E+05 2.144584E+00 9.968538E+00
4.536244E+05 2.144615E+00 9.968697E+00
4.542243E+05 2.144645E+00 9.968869E+00
4.548242E+05 2.144675E+00 9.969055E+00
4.554241E+05 2.144705E+00 9.968108E+00
4.560240E+05 2.144735E+00 9.968320E+00
4.566239E+05 2.144764E+00 9.968545E+00
4.572238E+05 2.144794E+00 9.968783E+00
4.578237E+05 2.144824E+00 9.969033E+00
4.584236E+05 2.144854E+00 9.969297E+00
4.590235E+05 2.144883E+00 9.969574E+00
4.596234E+05 2.144913E+00 9.969864E+00
4.602233E+05 2.144943E+00 9.969022E+00
4.608232E+05 2.144972E+00 9.969337E+00
4.614231E+05 2.145002E+00 9.969665E+00
4.620230E+05 2.145031E+00 9.970007E+00
4.626229E+05 2.145061E+00 9.970361E+00
4.632228E+05 2.145090E+00 9.969582E+00
4.638227E+05 2.145119E+00 9.969962E+00
4.644226E+05 2.145148E+00 9.970354E+00
4.650225E+05 2.145178E+00 9.970758E+00
4.656224E+05 2.145207E+00 9.970031E+00
4.662223E+05 2.145236E+00 9.970461E+00
4.668222E+05 2.145265E+00 9.970903E+00
4.674221E+05 2.145294E+00 9.970213E+00
4.680220E+05 2.145323E+00 9.970680E+00
4.686219E+05 2.145352E+00 9.971160E+00
4.692218E+05 2.145381E+00 9.970508E+00
4.698217E+05 2.145410E+00 9.971012E+00
4.704216E+05 2.145439E+00 9.971529E+00
4.710215E+05 2.145467E+00 9.970914E+00
4.716214E+05 2.145496E+00 9.971455E+00
4.722213E+05 2.145525E+00 9.970864E+00
4.728212E+05 2.145553E+00 9.971430E+00
4.734211E+05 2.145582E+00 9.972008E+00
4.740210E+05 2.145610E+00 9.971454E+00
4.746209E+05 2.145639E+00 9.972056E+00
4.752208E+05 2.145667E+00 9.971526E+00
4.758207E+05 2.145696E+00 9.972153E+00
4.764206E+05 2.145724E+00 9.971647E+00
4.770205E+05 2.145752E+00 9.972298E+00
4.776204E+05 2.145781E+00 9.971815E+00
4.782203E+05 2.145809E+00 9.972490E+00
4.788202E+05 2.145837E+00 9.972032E+00
4.794201E+05 2.145865E+00 9.972730E+00
4.800200E+05 2.145893E+00 9.972296E+00
4.806199E+05 2.145921E+00 9.973018E+00
4.812198E+05 2.145949E+00 9.972607E+00
4.818197E+05 2.145977E+00 9.973353E+00
4.824196E+05 2.146005E+00 9.972966E+00
4.830195E+05 2.146033E+00 9.972590E+00
4.836194E+05 2.146061E+00 9.973371E+00
4.842193E+05 2.146089E+00 9.973019E+00
4.848192E+05 2.146117E+00 9.972678E+00
4.854191E+05 2.146144E+00 9.973494E+00
4.860190E+05 2.146172E+00 9.973177E+00
4.866189E+05 2.146199E+00 9.974016E+00
4.872188E+05 2.146227E+00 9.973721E+00
4.878187E+05 2.146255E+00 9.973439E+00
4.884186E+05 2.146282E+00 9.974312E+00
4.890185E+05 2.146310E+00 9.974052E+00
4.896184E+05 2.146337E+00 9.973803E+00
4.902183E+05 2.146364E+00 9.973566E+00
4.908182E+05 2.146392E+00 9.974485E+00
4.914181E+05 2.146419E+00 9.974271E+00
4.920180E+05 2.146446E+00 9.974068E+00
4.926179E+05 2.146473E+00 9.973876E+00
4.932178E+05 2.146500E+00 9.974840E+00
4.938177E+05 2.146528E+00 9.974670E+00
4.944176E+05 2.146555E+00 9.974512E+00
4.950175E+05 2.146582E+00 9.974365E+00
4.956174E+05 2.146609E+00 9.975374E+00
4.962173E+05 2.146636E+00 9.975249E+00
4.968172E+05 2.146662E+00 9.975135E+00
4.974171E+05 2.146689E+00 9.975032E+00
4.980170E+05 2.146716E+00 9.974940E+00
4.986169E+05 2.146743E+00 9.974860E+00
4.992168E+05 2.146770E+00 9.974790E+00
4.998167E+05 2.146796E+00 9.975876E+00
5.004166E+05 2.146823E+00 9.975828E+00
5.010165E+05 2.146850E+00 9.975791E+00
5.016164E+05 2.146876E+00 9.975765E+00
5.022163E+05 2.146903E+00 9.975750E+00
5.028162E+05 2.146929E+00 9.975745E+00
5.034161E+05 2.146956E+00 9.975752E+00
5.040160E+05 2.146982E+00 9.975769E+00
5.046159E+05 2.147008E+00 9.975797E+00
5.052158E+05 2.147035E+00 9.975835E+00
5.058157E+05 2.147061E+00 9.975885E+00
5.064156E+05 2.147087E+00 9.975945E+00
5.070155E+05 2.147113E+00 9.976015E+00
5.076154E+05 2.147140E+00 9.976096E+00
5.082153E+05 2.147166E+00 9.976188E+00
5.088152E+05 2.147192E+00 9.976290E+00
5.094151E+05 2.147218E+00 9.976403E+00
5.100150E+05 2.147244E+00 9.976527E+00
5.106149E+05 2.147270E+00 9.976661E+00
5.112148E+05 2.147296E+00 9.976805E+00
5.118147E+05 2.147322E+00 9.976960E+00
5.124146E+05 2.147347E+00 9.977125E+00
5.130145E+05 2.147373E+00 9.977301E+00
5.136144E+05 2.147399E+00 9.977487E+00
5.142143E+05 2.147425E+00 9.977683E+00
5.148142E+05 2.147450E+00 9.977890E+00
5.154141E+05 2.147476E+00 9.978107E+00
5.160140E+05 2.147502E+00 9.977189E+00
5.166139E+05 2.147527E+00 9.977427E+00
5.172138E+05 2.147553E+00 9.977675E+00
5.178137E+05 2.147578E+00 9.977933E+00
5.184136E+05 2.147604E+00 9.978201E+00
5.190135E+05 2.147629E+00 9.978479E+00
5.196134E+05 2.147655E+00 9.977623E+00
5.202133E+05 2.147680E+00 9.977921E+00
5.208132E+05 2.147705E+00 9.978230E+00
5.214131E+05 2.147730E+00 9.978548E+00
5.220130E+05 2.147756E+00 9.978877E+00
5.226129E+05 2.147781E+00 9.978071E+00
5.232128E+05 2.147806E+00 9.978420E+00
5.238127E+05 2.147831E+00 9.978779E+00
5.244126E+05 2.147856E+00 9.979147E+00
5.250125E+05 2.147881E+00 9.978381E+00
5.256124E+05 2.147906E+00 9.978770E+00
5.262123E+05 2.147931E+00 9.979168E+00
5.268122E+05 2.147956E+00 9.979576E+00
5.274121E+05 2.147981E+00 9.978850E+00
5.280120E+05 2.148006E+00 9.979278E+00
5.286119E+05 2.148031E+00 9.979715E+00
5.292118E+05 2.148055E+00 9.979018E+00
5.298117E+05 2.148080E+00 9.979475E+00
5.304116E+05 2.148105E+00 9.979942E+00
5.310115E+05 2.148130E+00 9.979274E+00
5.316114E+05 2.148154E+00 9.979761E+00
5.322113E+05 2.148179E+00 9.980257E+00
5.328112E+05 2.148203E+00 9.979618E+00
5.334111E+05 2.148228E+00 9.980133E+00
5.340110E+05 2.148252E+00 9.979513E+00
5.346109E+05 2.148277E+00 9.980048E+00
5.352108E+05 2.148301E+00 9.980592E+00
5.358107E+05 2.148326E+00 9.980000E+00
5.364106E+05 2.148350E+00 9.980564E+00
5.370105E+05 2.148374E+00 9.979991E+00
5.376104E+05 2.148399E+00 9.980573E+00
5.382103E+05 2.148423E+00 9.980020E+00
5.388102E+05 2.148447E+00 9.980621E+00
5.394101E+05 2.148471E+00 9.980087E+00
5.400100E+05 2.148495E+00 9.980706E+00
5.406099E+05 2.148519E+00 9.980191E+00
5.412098E+05 2.148543E+00 9.980829E+00
5.418097E+05 2.148567E+00 9.980332E+00
5.424096E+05 2.148591E+00 9.980989E+00
5.430095E+05 2.148615E+00 9.980511E+00
5.436094E+05 2.148639E+00 9.981187E+00
5.442093E+05 2.148663E+00 9.980727E+00
5.448092E+05 2.148687E+00 9.981421E+00
5.454091E+05 2.148711E+00 9.980980E+00
5.460090E+05 2.148734E+00 9.981692E+00
5.466089E+05 2.148758E+00 9.981269E+00
5.472088E+05 2.148782E+00 9.982000E+00
5.478087E+05 2.148806E+00 9.981595E+00
5.484086E+05 2.148829E+00 9.981199E+00
5.490085E+05 2.148853E+00 9.981957E+00
5.496084E+05 2.148876E+00 9.981580E+00
5.502083E+05 2.148900E+00 9.982356E+00
5.508082E+05 2.148923E+00 9.981997E+00
5.514081E+05 2.148947E+00 9.981646E+00
5.520080E+05 2.148970E+00 9.982449E+00
5.526079E+05 2.148994E+00 9.982117E+00
5.532078E+05 2.149017E+00 9.981793E+00
5.538077E+05 2.149040E+00 9.982623E+00
5.544076E+05 2.149064E+00 9.982318E+00
5.550075E+05 2.149087E+00 9.982021E+00
5.556074E+05 2.149110E+00 9.982878E+00
5.562073E+05 2.149133E+00 9.982599E+00
5.568072E+05 2.149156E+00 9.982328E+00
5.574071E+05 2.149180E+00 9.983211E+00
5.580070E+05 2.149203E+00 9.982959E+00
5.586069E+05 2.149226E+00 9.982715E+00
5.592068E+05 2.149249E+00 9.982480E+00
5.598067E+05 2.149272E+00 9.983398E+00
5.604066E+05 2.149295E+00 9.983181E+00
5.610065E+05 2.149317E+00 9.982972E+00
5.616064E+05 2.149340E+00 9.982772E+00
5.622063E+05 2.149363E+00 9.983725E+00
5.628062E+05 2.149386E+00 9.983542E+00
5.634061E+05 2.149409E+00 9.983367E+00
5.640060E+05 2.149432E+00 9.983202E+00
5.646059E+05 2.149454E+00 9.983045E+00
5.652058E+05 2.149477E+00 9.984041E+00
5.658057E+05 2.149500E+00 9.983901E+00
5.664056E+05 2.149522E+00 9.983769E+00
5.670055E+05 2.149545E+00 9.983647E+00
5.676054E+05 2.149567E+00 9.983532E+00
5.682053E+05 2.149590E+00 9.983426E+00
5.688052E+05 2.149612E+00 9.984473E+00
5.694051E+05 2.149635E+00 9.984384E+00
5.700050E+05 2.149657E+00 9.984304E+00
5.706049E+05 2.149680E+00 9.984232E+00
5.712048E+05 2.149702E+00 9.984168E+00
5.718047E+05 2.149724E+00 9.984113E+00
5.724046E+05 2.149747E+00 9.984066E+00
5.730045E+05 2.149769E+00 9.984027E+00
5.736044E+05 2.149791E+00 9.983997E+00
5.742043E+05 2.149813E+00 9.983975E+00
5.748042E+05 2.149835E+00 9.985106E+00
5.754041E+05 2.149858E+00 9.985100E+00
5.760040E+05 2.149880E+00 9.985103E+00
5.766039E+05 2.149902E+00 9.985114E+00
5.772038E+05 2.149924E+00 9.985133E+00
5.778037E+05 2.149946E+00 9.985161E+00
5.784036E+05 2.149968E+00 9.985197E+00
5.790035E+05 2.149990E+00 9.985240E+00
5.796034E+05 2.150012E+00 9.985293E+00
5.802033E+05 2.150033E+00 9.985353E+00
5.808032E+05 2.150055E+00 9.985421E+00
5.814031E+05 2.150077E+00 9.985497E+00
5.820030E+05 2.150099E+00 9.985582E+00
5.826029E+05 2.150121E+00 9.985674E+00
5.832028E+05 2.150142E+00 9.985775E+00
5.838027E+05 2.150164E+00 9.985884E+00
5.844026E+05 2.150186E+00 9.986000E+00
5.850025E+05 2.150207E+00 9.986125E+00
5.856024E+05 2.150229E+00 9.986258E+00
5.862023E+05 2.150251E+00 9.985254E+00
5.868022E+05 2.150272E+00 9.985403E+00
5.874021E+05 2.150294E+00 9.985559E+00
5.880020E+05 2.150315E+00 9.985724E+00
5.886019E+05 2.150336E+00 9.985896E+00
5.892018E+05 2.150358E+00 9.986076E+00
5.898017E+05 2.150379E+00 9.986264E+00
5.904016E+05 2.150401E+00 9.986460E+00
5.910015E+05 2.150422E+00 9.986664E+00
5.916014E+05 2.150443E+00 9.986876E+00
5.922013E+05 2.150465E+00 9.985951E+00
5.928012E+05 2.150486E+00 9.986179E+00
5.934011E+05 2.150507E+00 9.986414E+00
5.940010E+05 2.150528E+00 9.986656E+00
5.946009E+05 2.150549E+00 9.986907E+00
5.952008E+05 2.150570E+00 9.987165E+00
5.958007E+05 2.150591E+00 9.986287E+00
5.964006E+05 2.150613E+00 9.986561E+00
5.970005E+05 2.150634E+00 9.986842E+00
5.976004E+05 2.150655E+00 9.987132E+00
5.982003E+05 2.150676E+00 9.987428E+00
5.988002E+05 2.150696E+00 9.986589E+00
5.994001E+05 2.150717E+00 9.986901E+00
