5.000000E+00 1.745674E-01 1.430220E+01
5.153612E+00 1.766271E-01 1.413596E+01
5.311943E+00 1.787254E-01 1.398300E+01
5.475139E+00 1.808639E-01 1.382832E+01
5.643349E+00 1.830442E-01 1.367886E+01
5.816726E+00 1.852680E-01 1.352776E+01
5.995430E+00 1.875375E-01 1.338769E+01
6.179624E+00 1.898548E-01 1.325163E+01
6.369477E+00 1.922225E-01 1.311342E+01
6.565162E+00 1.946432E-01 1.298453E+01
6.766860E+00 1.971201E-01 1.285323E+01
6.974754E+00 1.996565E-01 1.272500E+01
7.189035E+00 2.022559E-01 1.260462E+01
7.409900E+00 2.049223E-01 1.248642E+01
7.637550E+00 2.076602E-01 1.236542E+01
7.872194E+00 2.104743E-01 1.225103E+01
8.114046E+00 2.133699E-01 1.213814E+01
8.363329E+00 2.163527E-01 1.202655E+01
8.620271E+00 2.194290E-01 1.192025E+01
8.885106E+00 2.226056E-01 1.181464E+01
9.158078E+00 2.258902E-01 1.171346E+01
9.439436E+00 2.292910E-01 1.160871E+01
9.729439E+00 2.328170E-01 1.151152E+01
1.002835E+01 2.364782E-01 1.141408E+01
1.033645E+01 2.402854E-01 1.131970E+01
1.065401E+01 2.442507E-01 1.122471E+01
1.098132E+01 2.483872E-01 1.113542E+01
1.131870E+01 2.527094E-01 1.104504E+01
1.166643E+01 2.572332E-01 1.095656E+01
1.202485E+01 2.619763E-01 1.087253E+01
1.239429E+01 2.669581E-01 1.078968E+01
1.277507E+01 2.722000E-01 1.070780E+01
1.316755E+01 2.777256E-01 1.062928E+01
1.357209E+01 2.835613E-01 1.055125E+01
1.398906E+01 2.897361E-01 1.047834E+01
1.441883E+01 2.962821E-01 1.040542E+01
1.486181E+01 3.032351E-01 1.033687E+01
1.531840E+01 3.106346E-01 1.027011E+01
1.578902E+01 3.185246E-01 1.020499E+01
1.627410E+01 3.269538E-01 1.014528E+01
1.677408E+01 3.359764E-01 1.008861E+01
1.728942E+01 3.456522E-01 1.003478E+01
1.782059E+01 3.560478E-01 9.987069E+00
1.836808E+01 3.672365E-01 9.941737E+00
1.893240E+01 3.792992E-01 9.901930E+00
1.951404E+01 3.923247E-01 9.865866E+00
2.011356E+01 4.064100E-01 9.836384E+00
2.073150E+01 4.216605E-01 9.813185E+00
2.136842E+01 4.381892E-01 9.796080E+00
2.202491E+01 4.561163E-01 9.786209E+00
2.270157E+01 4.755671E-01 9.783408E+00
2.339902E+01 4.966690E-01 9.788718E+00
2.411789E+01 5.195475E-01 9.801984E+00
2.485885E+01 5.443191E-01 9.825131E+00
2.562257E+01 5.710827E-01 9.856856E+00
2.640976E+01 5.999071E-01 9.896986E+00
2.722113E+01 6.308157E-01 9.947900E+00
2.805743E+01 6.637672E-01 1.000728E+01
2.891942E+01 6.986337E-01 1.007460E+01
2.980790E+01 7.351778E-01 1.014989E+01
3.072367E+01 7.730314E-01 1.023069E+01
3.166757E+01 8.116808E-01 1.031593E+01
3.264047E+01 8.504654E-01 1.040366E+01
3.364327E+01 8.887068E-01 1.049009E+01
3.467687E+01 9.263021E-01 1.057533E+01
3.574223E+01 9.633380E-01 1.065910E+01
3.684031E+01 9.998737E-01 1.074122E+01
3.797214E+01 1.035952E+00 1.082151E+01
3.913873E+01 1.071606E+00 1.089988E+01
4.034117E+01 1.106861E+00 1.097624E+01
4.158055E+01 1.141737E+00 1.105104E+01
4.285800E+01 1.176248E+00 1.112369E+01
4.417470E+01 1.210407E+00 1.119417E+01
4.553186E+01 1.244224E+00 1.126293E+01
4.693070E+01 1.277706E+00 1.132992E+01
4.837253E+01 1.310858E+00 1.139465E+01
4.985865E+01 1.343685E+00 1.145757E+01
5.139043E+01 1.376188E+00 1.151864E+01
5.296926E+01 1.408371E+00 1.157784E+01
5.459661E+01 1.440232E+00 1.163516E+01
5.627395E+01 1.471772E+00 1.169098E+01
5.800282E+01 1.502991E+00 1.174450E+01
5.978480E+01 1.533887E+00 1.179648E+01
6.162154E+01 1.564457E+00 1.184690E+01
6.351470E+01 1.594700E+00 1.189502E+01
6.546602E+01 1.624614E+00 1.194192E+01
6.747730E+01 1.654194E+00 1.198686E+01
6.955036E+01 1.683437E+00 1.203020E+01
7.168712E+01 1.712341E+00 1.207192E+01
7.388952E+01 1.740901E+00 1.211200E+01
7.615958E+01 1.769114E+00 1.215045E+01
7.849939E+01 1.796975E+00 1.218726E+01
8.091108E+01 1.824481E+00 1.222273E+01
8.339686E+01 1.851628E+00 1.225623E+01
8.595901E+01 1.878410E+00 1.228868E+01
8.859988E+01 1.904825E+00 1.231917E+01
9.132188E+01 1.930869E+00 1.234858E+01
9.412751E+01 1.956536E+00 1.237603E+01
9.701933E+01 1.981824E+00 1.240239E+01
1.000000E+02 2.006728E+00 1.242735E+01
