5.000000E+01 1.346740E+00 1.146366E+01
5.035130E+01 1.354282E+00 1.147768E+01
5.070507E+01 1.361807E+00 1.149187E+01
5.106133E+01 1.369315E+00 1.150580E+01
5.142009E+01 1.376805E+00 1.151990E+01
5.178137E+01 1.384279E+00 1.153374E+01
5.214519E+01 1.391735E+00 1.154773E+01
5.251156E+01 1.399174E+00 1.156106E+01
5.288051E+01 1.406596E+00 1.157496E+01
5.325205E+01 1.414000E+00 1.158819E+01
5.362621E+01 1.421388E+00 1.160158E+01
5.400299E+01 1.428758E+00 1.161471E+01
5.438241E+01 1.436111E+00 1.162800E+01
5.476451E+01 1.443447E+00 1.164103E+01
5.514929E+01 1.450766E+00 1.165421E+01
5.553677E+01 1.458067E+00 1.166674E+01
5.592697E+01 1.465352E+00 1.167982E+01
5.631992E+01 1.472619E+00 1.169225E+01
5.671563E+01 1.479869E+00 1.170482E+01
5.711411E+01 1.487102E+00 1.171754E+01
5.751540E+01 1.494317E+00 1.173001E+01
5.791951E+01 1.501515E+00 1.174222E+01
5.832645E+01 1.508696E+00 1.175419E+01
5.873626E+01 1.515860E+00 1.176630E+01
5.914894E+01 1.523006E+00 1.177855E+01
5.956452E+01 1.530135E+00 1.179017E+01
5.998303E+01 1.537247E+00 1.180230E+01
6.040447E+01 1.544341E+00 1.181381E+01
6.082888E+01 1.551417E+00 1.182545E+01
6.125626E+01 1.558477E+00 1.183684E+01
6.168665E+01 1.565518E+00 1.184837E+01
6.212007E+01 1.572543E+00 1.185965E+01
6.255653E+01 1.579549E+00 1.187106E+01
6.299605E+01 1.586538E+00 1.188223E+01
6.343867E+01 1.593510E+00 1.189316E+01
6.388439E+01 1.600463E+00 1.190421E+01
6.433324E+01 1.607399E+00 1.191502E+01
6.478525E+01 1.614318E+00 1.192595E+01
6.524044E+01 1.621218E+00 1.193664E+01
6.569882E+01 1.628101E+00 1.194745E+01
6.616042E+01 1.634966E+00 1.195767E+01
6.662527E+01 1.641813E+00 1.196836E+01
6.709338E+01 1.648642E+00 1.197846E+01
6.756479E+01 1.655453E+00 1.198867E+01
6.803950E+01 1.662246E+00 1.199900E+01
6.851755E+01 1.669021E+00 1.200909E+01
6.899896E+01 1.675778E+00 1.201895E+01
6.948375E+01 1.682516E+00 1.202892E+01
6.997194E+01 1.689237E+00 1.203865E+01
7.046357E+01 1.695939E+00 1.204849E+01
7.095865E+01 1.702623E+00 1.205810E+01
7.145721E+01 1.709289E+00 1.206748E+01
7.195927E+01 1.715936E+00 1.207697E+01
7.246486E+01 1.722565E+00 1.208655E+01
7.297401E+01 1.729176E+00 1.209558E+01
7.348672E+01 1.735768E+00 1.210504E+01
7.400305E+01 1.742341E+00 1.211394E+01
7.452300E+01 1.748896E+00 1.212294E+01
7.504660E+01 1.755432E+00 1.213203E+01
7.557388E+01 1.761949E+00 1.214090E+01
7.610487E+01 1.768448E+00 1.214955E+01
7.663958E+01 1.774928E+00 1.215829E+01
7.717806E+01 1.781389E+00 1.216680E+01
7.772031E+01 1.787831E+00 1.217541E+01
7.826638E+01 1.794254E+00 1.218380E+01
7.881629E+01 1.800658E+00 1.219228E+01
7.937005E+01 1.807043E+00 1.220053E+01
7.992771E+01 1.813409E+00 1.220856E+01
8.048929E+01 1.819756E+00 1.221668E+01
8.105481E+01 1.826083E+00 1.222458E+01
8.162430E+01 1.832392E+00 1.223257E+01
8.219780E+01 1.838681E+00 1.224034E+01
8.277533E+01 1.844950E+00 1.224819E+01
8.335691E+01 1.851201E+00 1.225583E+01
8.394258E+01 1.857431E+00 1.226354E+01
8.453237E+01 1.863643E+00 1.227104E+01
8.512630E+01 1.869834E+00 1.227833E+01
8.572440E+01 1.876006E+00 1.228569E+01
8.632670E+01 1.882159E+00 1.229284E+01
8.693324E+01 1.888291E+00 1.230007E+01
8.754404E+01 1.894404E+00 1.230738E+01
8.815913E+01 1.900498E+00 1.231418E+01
8.877854E+01 1.906571E+00 1.232135E+01
8.940230E+01 1.912624E+00 1.232801E+01
9.003044E+01 1.918657E+00 1.233476E+01
9.066300E+01 1.924671E+00 1.234157E+01
9.130001E+01 1.930664E+00 1.234818E+01
9.194149E+01 1.936637E+00 1.235486E+01
9.258747E+01 1.942590E+00 1.236133E+01
9.323800E+01 1.948523E+00 1.236758E+01
9.389309E+01 1.954435E+00 1.237392E+01
9.455279E+01 1.960328E+00 1.238004E+01
9.521712E+01 1.966199E+00 1.238623E+01
9.588612E+01 1.972051E+00 1.239249E+01
9.655982E+01 1.977882E+00 1.239854E+01
9.723826E+01 1.983692E+00 1.240439E+01
9.792146E+01 1.989482E+00 1.241030E+01
9.860946E+01 1.995251E+00 1.241601E+01
9.930230E+01 2.001000E+00 1.242178E+01
1.000000E+02 2.006728E+00 1.242735E+01
