1.000000E+02 1.595056E+00 1.151142E+01
1.002308E+02 1.596361E+00 1.151169E+01
1.004620E+02 1.597666E+00 1.151194E+01
1.006939E+02 1.598970E+00 1.151217E+01
1.009262E+02 1.600273E+00 1.151238E+01
1.011591E+02 1.601575E+00 1.151257E+01
1.013925E+02 1.602876E+00 1.151275E+01
1.016265E+02 1.604176E+00 1.151290E+01
1.018610E+02 1.605475E+00 1.151304E+01
1.020961E+02 1.606773E+00 1.151316E+01
1.023317E+02 1.608070E+00 1.151359E+01
1.025678E+02 1.609367E+00 1.151367E+01
1.028045E+02 1.610662E+00 1.151374E+01
1.030417E+02 1.611956E+00 1.151379E+01
1.032795E+02 1.613249E+00 1.151414E+01
1.035178E+02 1.614541E+00 1.151416E+01
1.037567E+02 1.615833E+00 1.151448E+01
1.039961E+02 1.617123E+00 1.151445E+01
1.042361E+02 1.618412E+00 1.151473E+01
1.044766E+02 1.619700E+00 1.151467E+01
1.047177E+02 1.620988E+00 1.151492E+01
1.049593E+02 1.622274E+00 1.151515E+01
1.052015E+02 1.623559E+00 1.151503E+01
1.054443E+02 1.624843E+00 1.151523E+01
1.056876E+02 1.626127E+00 1.151540E+01
1.059315E+02 1.627409E+00 1.151555E+01
1.061759E+02 1.628690E+00 1.151569E+01
1.064209E+02 1.629970E+00 1.151581E+01
1.066665E+02 1.631250E+00 1.151559E+01
1.069126E+02 1.632528E+00 1.151599E+01
1.071593E+02 1.633805E+00 1.151605E+01
1.074066E+02 1.635081E+00 1.151610E+01
1.076545E+02 1.636356E+00 1.151613E+01
1.079029E+02 1.637631E+00 1.151614E+01
1.081519E+02 1.638904E+00 1.151613E+01
1.084014E+02 1.640176E+00 1.151642E+01
1.086516E+02 1.641447E+00 1.151638E+01
1.089023E+02 1.642717E+00 1.151632E+01
1.091536E+02 1.643986E+00 1.151656E+01
1.094055E+02 1.645254E+00 1.151646E+01
1.096579E+02 1.646521E+00 1.151666E+01
1.099110E+02 1.647786E+00 1.151653E+01
1.101646E+02 1.649051E+00 1.151669E+01
1.104188E+02 1.650315E+00 1.151653E+01
1.106736E+02 1.651578E+00 1.151665E+01
1.109290E+02 1.652839E+00 1.151676E+01
1.111850E+02 1.654100E+00 1.151654E+01
1.114415E+02 1.655360E+00 1.151662E+01
1.116987E+02 1.656618E+00 1.151667E+01
1.119564E+02 1.657876E+00 1.151671E+01
1.122148E+02 1.659132E+00 1.151673E+01
1.124737E+02 1.660387E+00 1.151674E+01
1.127333E+02 1.661642E+00 1.151672E+01
1.129934E+02 1.662895E+00 1.151669E+01
1.132541E+02 1.664147E+00 1.151664E+01
1.135155E+02 1.665398E+00 1.151657E+01
1.137774E+02 1.666648E+00 1.151648E+01
1.140400E+02 1.667897E+00 1.151669E+01
1.143031E+02 1.669145E+00 1.151657E+01
1.145669E+02 1.670391E+00 1.151643E+01
1.148312E+02 1.671637E+00 1.151658E+01
1.150962E+02 1.672882E+00 1.151640E+01
1.153618E+02 1.674125E+00 1.151621E+01
1.156280E+02 1.675368E+00 1.151631E+01
1.158948E+02 1.676609E+00 1.151639E+01
1.161623E+02 1.677849E+00 1.151614E+01
1.164303E+02 1.679088E+00 1.151618E+01
1.166990E+02 1.680326E+00 1.151591E+01
1.169683E+02 1.681563E+00 1.151591E+01
1.172382E+02 1.682799E+00 1.151590E+01
1.175087E+02 1.684034E+00 1.151587E+01
1.177799E+02 1.685267E+00 1.151583E+01
1.180517E+02 1.686500E+00 1.151546E+01
1.183241E+02 1.687731E+00 1.151538E+01
1.185971E+02 1.688962E+00 1.151528E+01
1.188708E+02 1.690191E+00 1.151516E+01
1.191451E+02 1.691419E+00 1.151533E+01
1.194200E+02 1.692646E+00 1.151518E+01
1.196956E+02 1.693872E+00 1.151501E+01
1.199718E+02 1.695096E+00 1.151482E+01
1.202486E+02 1.696320E+00 1.151462E+01
1.205261E+02 1.697542E+00 1.151470E+01
1.208042E+02 1.698764E+00 1.151446E+01
1.210830E+02 1.699984E+00 1.151420E+01
1.213624E+02 1.701203E+00 1.151422E+01
1.216424E+02 1.702421E+00 1.151393E+01
1.219231E+02 1.703638E+00 1.151392E+01
1.222045E+02 1.704853E+00 1.151359E+01
1.224865E+02 1.706068E+00 1.151355E+01
1.227691E+02 1.707281E+00 1.151348E+01
1.230524E+02 1.708493E+00 1.151311E+01
1.233363E+02 1.709704E+00 1.151301E+01
1.236210E+02 1.710914E+00 1.151289E+01
1.239062E+02 1.712123E+00 1.151275E+01
1.241921E+02 1.713331E+00 1.151260E+01
1.244787E+02 1.714537E+00 1.151243E+01
1.247660E+02 1.715743E+00 1.151224E+01
1.250539E+02 1.716947E+00 1.151204E+01
1.253424E+02 1.718150E+00 1.151182E+01
1.256317E+02 1.719352E+00 1.151158E+01
1.259216E+02 1.720552E+00 1.151132E+01
1.262121E+02 1.721752E+00 1.151105E+01
1.265034E+02 1.722950E+00 1.151076E+01
1.267953E+02 1.724147E+00 1.151074E+01
1.270879E+02 1.725343E+00 1.151041E+01
1.273811E+02 1.726538E+00 1.151036E+01
1.276751E+02 1.727732E+00 1.151000E+01
1.279697E+02 1.728924E+00 1.150962E+01
1.282650E+02 1.730115E+00 1.150952E+01
1.285610E+02 1.731305E+00 1.150939E+01
1.288576E+02 1.732494E+00 1.150897E+01
1.291550E+02 1.733682E+00 1.150881E+01
1.294530E+02 1.734869E+00 1.150863E+01
1.297517E+02 1.736054E+00 1.150815E+01
1.300511E+02 1.737238E+00 1.150794E+01
1.303512E+02 1.738421E+00 1.150772E+01
1.306520E+02 1.739603E+00 1.150747E+01
1.309535E+02 1.740783E+00 1.150721E+01
1.312557E+02 1.741963E+00 1.150693E+01
1.315586E+02 1.743141E+00 1.150663E+01
1.318621E+02 1.744318E+00 1.150632E+01
1.321664E+02 1.745494E+00 1.150599E+01
1.324714E+02 1.746668E+00 1.150564E+01
1.327771E+02 1.747842E+00 1.150528E+01
1.330835E+02 1.749014E+00 1.150518E+01
1.333906E+02 1.750185E+00 1.150478E+01
1.336984E+02 1.751354E+00 1.150437E+01
1.340069E+02 1.752523E+00 1.150422E+01
1.343161E+02 1.753690E+00 1.150377E+01
1.346261E+02 1.754856E+00 1.150358E+01
1.349367E+02 1.756021E+00 1.150310E+01
1.352481E+02 1.757184E+00 1.150288E+01
1.355602E+02 1.758347E+00 1.150264E+01
1.358730E+02 1.759508E+00 1.150211E+01
1.361865E+02 1.760668E+00 1.150184E+01
1.365008E+02 1.761826E+00 1.150155E+01
1.368158E+02 1.762984E+00 1.150124E+01
1.371315E+02 1.764140E+00 1.150064E+01
1.374479E+02 1.765295E+00 1.150030E+01
1.377651E+02 1.766449E+00 1.149995E+01
1.380830E+02 1.767601E+00 1.149957E+01
1.384016E+02 1.768753E+00 1.149918E+01
1.387210E+02 1.769902E+00 1.149905E+01
1.390411E+02 1.771051E+00 1.149863E+01
1.393619E+02 1.772199E+00 1.149819E+01
1.396835E+02 1.773345E+00 1.149773E+01
1.400058E+02 1.774490E+00 1.149725E+01
1.403289E+02 1.775634E+00 1.149704E+01
1.406527E+02 1.776776E+00 1.149653E+01
1.409773E+02 1.777917E+00 1.149628E+01
1.413026E+02 1.779057E+00 1.149574E+01
1.416287E+02 1.780196E+00 1.149545E+01
1.419555E+02 1.781334E+00 1.149488E+01
1.422830E+02 1.782470E+00 1.149456E+01
1.426114E+02 1.783605E+00 1.149422E+01
1.429405E+02 1.784738E+00 1.149360E+01
1.432703E+02 1.785871E+00 1.149323E+01
1.436009E+02 1.787002E+00 1.149284E+01
1.439323E+02 1.788132E+00 1.149243E+01
1.442644E+02 1.789260E+00 1.149201E+01
1.445973E+02 1.790387E+00 1.149158E+01
1.449310E+02 1.791513E+00 1.149112E+01
1.452654E+02 1.792638E+00 1.149065E+01
1.456006E+02 1.793761E+00 1.149016E+01
1.459366E+02 1.794884E+00 1.148966E+01
1.462733E+02 1.796004E+00 1.148914E+01
1.466109E+02 1.797124E+00 1.148860E+01
1.469492E+02 1.798242E+00 1.148832E+01
1.472883E+02 1.799359E+00 1.148775E+01
1.476281E+02 1.800475E+00 1.148716E+01
1.479688E+02 1.801589E+00 1.148682E+01
1.483103E+02 1.802702E+00 1.148620E+01
1.486525E+02 1.803814E+00 1.148583E+01
1.489955E+02 1.804925E+00 1.148518E+01
1.493393E+02 1.806034E+00 1.148478E+01
1.496839E+02 1.807142E+00 1.148435E+01
1.500293E+02 1.808248E+00 1.148365E+01
1.503755E+02 1.809354E+00 1.148320E+01
1.507225E+02 1.810458E+00 1.148273E+01
1.510703E+02 1.811560E+00 1.148224E+01
1.514189E+02 1.812662E+00 1.148174E+01
1.517683E+02 1.813762E+00 1.148122E+01
1.521186E+02 1.814860E+00 1.148068E+01
1.524696E+02 1.815958E+00 1.148013E+01
1.528214E+02 1.817054E+00 1.147956E+01
1.531740E+02 1.818149E+00 1.147897E+01
1.535275E+02 1.819242E+00 1.147837E+01
1.538818E+02 1.820334E+00 1.147801E+01
1.542369E+02 1.821425E+00 1.147737E+01
1.545928E+02 1.822514E+00 1.147672E+01
1.549495E+02 1.823602E+00 1.147631E+01
1.553071E+02 1.824689E+00 1.147563E+01
1.556654E+02 1.825775E+00 1.147519E+01
1.560246E+02 1.826859E+00 1.147447E+01
1.563847E+02 1.827942E+00 1.147400E+01
1.567455E+02 1.829023E+00 1.147325E+01
1.571072E+02 1.830103E+00 1.147274E+01
1.574698E+02 1.831182E+00 1.147222E+01
1.578331E+02 1.832259E+00 1.147168E+01
1.581973E+02 1.833335E+00 1.147086E+01
1.585624E+02 1.834410E+00 1.147029E+01
1.589283E+02 1.835484E+00 1.146970E+01
1.592950E+02 1.836556E+00 1.146909E+01
1.596626E+02 1.837626E+00 1.146847E+01
1.600310E+02 1.838696E+00 1.146783E+01
1.604003E+02 1.839764E+00 1.146744E+01
1.607704E+02 1.840830E+00 1.146676E+01
1.611414E+02 1.841896E+00 1.146608E+01
1.615133E+02 1.842959E+00 1.146537E+01
1.618860E+02 1.844022E+00 1.146491E+01
1.622595E+02 1.845083E+00 1.146417E+01
1.626340E+02 1.846143E+00 1.146342E+01
1.630092E+02 1.847202E+00 1.146291E+01
1.633854E+02 1.848259E+00 1.146212E+01
1.637624E+02 1.849314E+00 1.146158E+01
1.641403E+02 1.850369E+00 1.146101E+01
1.645191E+02 1.851422E+00 1.146018E+01
1.648987E+02 1.852473E+00 1.145959E+01
1.652792E+02 1.853524E+00 1.145897E+01
1.656606E+02 1.854573E+00 1.145835E+01
1.660429E+02 1.855620E+00 1.145745E+01
1.664260E+02 1.856666E+00 1.145679E+01
1.668101E+02 1.857711E+00 1.145611E+01
1.671950E+02 1.858754E+00 1.145542E+01
1.675808E+02 1.859796E+00 1.145471E+01
1.679675E+02 1.860837E+00 1.145424E+01
1.683551E+02 1.861876E+00 1.145350E+01
1.687436E+02 1.862914E+00 1.145274E+01
1.691330E+02 1.863950E+00 1.145197E+01
1.695232E+02 1.864986E+00 1.145143E+01
1.699144E+02 1.866019E+00 1.145062E+01
1.703065E+02 1.867051E+00 1.144980E+01
1.706995E+02 1.868082E+00 1.144921E+01
1.710934E+02 1.869112E+00 1.144836E+01
1.714882E+02 1.870140E+00 1.144774E+01
1.718839E+02 1.871167E+00 1.144710E+01
1.722805E+02 1.872192E+00 1.144620E+01
1.726781E+02 1.873216E+00 1.144553E+01
1.730766E+02 1.874238E+00 1.144484E+01
1.734759E+02 1.875259E+00 1.144390E+01
1.738762E+02 1.876279E+00 1.144318E+01
1.742775E+02 1.877297E+00 1.144245E+01
1.746796E+02 1.878314E+00 1.144170E+01
1.750827E+02 1.879330E+00 1.144093E+01
1.754867E+02 1.880344E+00 1.144015E+01
1.758917E+02 1.881356E+00 1.143935E+01
1.762975E+02 1.882368E+00 1.143878E+01
1.767044E+02 1.883378E+00 1.143796E+01
1.771121E+02 1.884386E+00 1.143711E+01
1.775208E+02 1.885393E+00 1.143625E+01
1.779304E+02 1.886398E+00 1.143562E+01
1.783410E+02 1.887403E+00 1.143473E+01
1.787526E+02 1.888405E+00 1.143406E+01
1.791650E+02 1.889407E+00 1.143314E+01
1.795785E+02 1.890407E+00 1.143244E+01
1.799929E+02 1.891405E+00 1.143149E+01
1.804082E+02 1.892402E+00 1.143076E+01
1.808245E+02 1.893398E+00 1.143001E+01
1.812418E+02 1.894392E+00 1.142925E+01
1.816600E+02 1.895385E+00 1.142823E+01
1.820792E+02 1.896376E+00 1.142744E+01
1.824993E+02 1.897366E+00 1.142663E+01
1.829205E+02 1.898354E+00 1.142581E+01
1.833425E+02 1.899341E+00 1.142497E+01
1.837656E+02 1.900327E+00 1.142412E+01
1.841897E+02 1.901311E+00 1.142324E+01
1.846147E+02 1.902294E+00 1.142260E+01
1.850407E+02 1.903275E+00 1.142169E+01
1.854677E+02 1.904255E+00 1.142078E+01
1.858957E+02 1.905233E+00 1.142008E+01
1.863246E+02 1.906210E+00 1.141913E+01
1.867546E+02 1.907185E+00 1.141817E+01
1.871855E+02 1.908159E+00 1.141742E+01
1.876175E+02 1.909132E+00 1.141643E+01
1.880504E+02 1.910103E+00 1.141565E+01
1.884843E+02 1.911073E+00 1.141486E+01
1.889193E+02 1.912041E+00 1.141382E+01
1.893552E+02 1.913008E+00 1.141300E+01
1.897922E+02 1.913973E+00 1.141216E+01
1.902301E+02 1.914937E+00 1.141131E+01
1.906691E+02 1.915899E+00 1.141044E+01
1.911091E+02 1.916860E+00 1.140956E+01
1.915501E+02 1.917820E+00 1.140866E+01
1.919921E+02 1.918778E+00 1.140774E+01
1.924351E+02 1.919734E+00 1.140681E+01
1.928792E+02 1.920690E+00 1.140587E+01
1.933242E+02 1.921643E+00 1.140491E+01
1.937703E+02 1.922595E+00 1.140393E+01
1.942175E+02 1.923546E+00 1.140317E+01
1.946656E+02 1.924495E+00 1.140216E+01
1.951148E+02 1.925443E+00 1.140114E+01
1.955651E+02 1.926390E+00 1.140033E+01
1.960163E+02 1.927334E+00 1.139928E+01
1.964687E+02 1.928278E+00 1.139844E+01
1.969220E+02 1.929220E+00 1.139759E+01
1.973764E+02 1.930160E+00 1.139649E+01
1.978319E+02 1.931099E+00 1.139561E+01
1.982884E+02 1.932037E+00 1.139471E+01
1.987460E+02 1.932973E+00 1.139379E+01
1.992046E+02 1.933907E+00 1.139286E+01
1.996642E+02 1.934840E+00 1.139169E+01
2.001250E+02 1.935772E+00 1.139073E+01
2.005868E+02 1.936702E+00 1.138975E+01
2.010496E+02 1.937630E+00 1.138899E+01
2.015136E+02 1.938557E+00 1.138798E+01
2.019786E+02 1.939483E+00 1.138696E+01
2.024447E+02 1.940407E+00 1.138593E+01
2.029118E+02 1.941330E+00 1.138488E+01
2.033800E+02 1.942251E+00 1.138403E+01
2.038493E+02 1.943171E+00 1.138295E+01
2.043197E+02 1.944089E+00 1.138208E+01
2.047912E+02 1.945006E+00 1.138097E+01
2.052638E+02 1.945921E+00 1.138007E+01
2.057374E+02 1.946835E+00 1.137893E+01
2.062122E+02 1.947747E+00 1.137799E+01
2.066880E+02 1.948658E+00 1.137704E+01
2.071650E+02 1.949567E+00 1.137586E+01
2.076430E+02 1.950475E+00 1.137488E+01
2.081222E+02 1.951381E+00 1.137389E+01
2.086024E+02 1.952286E+00 1.137288E+01
2.090838E+02 1.953189E+00 1.137186E+01
2.095662E+02 1.954091E+00 1.137082E+01
2.100498E+02 1.954991E+00 1.136977E+01
2.105345E+02 1.955890E+00 1.136870E+01
2.110203E+02 1.956787E+00 1.136784E+01
2.115073E+02 1.957683E+00 1.136674E+01
2.119953E+02 1.958577E+00 1.136563E+01
2.124845E+02 1.959470E+00 1.136450E+01
2.129749E+02 1.960361E+00 1.136358E+01
2.134663E+02 1.961251E+00 1.136242E+01
2.139589E+02 1.962139E+00 1.136147E+01
2.144526E+02 1.963025E+00 1.136028E+01
2.149475E+02 1.963911E+00 1.135930E+01
2.154435E+02 1.964794E+00 1.135830E+01
2.159406E+02 1.965676E+00 1.135707E+01
2.164389E+02 1.966557E+00 1.135605E+01
2.169384E+02 1.967436E+00 1.135500E+01
2.174389E+02 1.968314E+00 1.135395E+01
2.179407E+02 1.969190E+00 1.135288E+01
2.184436E+02 1.970065E+00 1.135179E+01
2.189477E+02 1.970938E+00 1.135069E+01
2.194529E+02 1.971809E+00 1.134957E+01
2.199593E+02 1.972679E+00 1.134844E+01
2.204669E+02 1.973548E+00 1.134730E+01
2.209756E+02 1.974415E+00 1.134614E+01
2.214855E+02 1.975280E+00 1.134518E+01
2.219966E+02 1.976144E+00 1.134399E+01
2.225089E+02 1.977007E+00 1.134279E+01
2.230223E+02 1.977868E+00 1.134178E+01
2.235370E+02 1.978727E+00 1.134055E+01
2.240528E+02 1.979585E+00 1.133952E+01
2.245698E+02 1.980441E+00 1.133847E+01
2.250880E+02 1.981296E+00 1.133720E+01
2.256074E+02 1.982149E+00 1.133612E+01
2.261280E+02 1.983001E+00 1.133503E+01
2.266498E+02 1.983851E+00 1.133392E+01
2.271728E+02 1.984700E+00 1.133280E+01
2.276970E+02 1.985547E+00 1.133145E+01
2.282224E+02 1.986393E+00 1.133030E+01
2.287491E+02 1.987237E+00 1.132935E+01
2.292769E+02 1.988079E+00 1.132817E+01
2.298060E+02 1.988920E+00 1.132698E+01
2.303363E+02 1.989760E+00 1.132577E+01
2.308678E+02 1.990598E+00 1.132455E+01
2.314005E+02 1.991434E+00 1.132352E+01
2.319345E+02 1.992269E+00 1.132227E+01
2.324697E+02 1.993102E+00 1.132101E+01
2.330061E+02 1.993934E+00 1.131994E+01
2.335438E+02 1.994764E+00 1.131864E+01
2.340827E+02 1.995593E+00 1.131754E+01
2.346229E+02 1.996420E+00 1.131643E+01
2.351643E+02 1.997246E+00 1.131509E+01
2.357069E+02 1.998070E+00 1.131395E+01
2.362508E+02 1.998893E+00 1.131279E+01
2.367960E+02 1.999714E+00 1.131162E+01
2.373424E+02 2.000533E+00 1.131044E+01
2.378901E+02 2.001351E+00 1.130924E+01
2.384390E+02 2.002168E+00 1.130802E+01
2.389893E+02 2.002982E+00 1.130679E+01
2.395407E+02 2.003796E+00 1.130555E+01
2.400935E+02 2.004607E+00 1.130430E+01
2.406475E+02 2.005418E+00 1.130302E+01
2.412028E+02 2.006226E+00 1.130174E+01
2.417594E+02 2.007033E+00 1.130065E+01
2.423173E+02 2.007839E+00 1.129933E+01
2.428764E+02 2.008643E+00 1.129821E+01
2.434369E+02 2.009445E+00 1.129687E+01
2.439986E+02 2.010246E+00 1.129572E+01
2.445617E+02 2.011046E+00 1.129435E+01
2.451260E+02 2.011843E+00 1.129317E+01
2.456916E+02 2.012640E+00 1.129197E+01
2.462586E+02 2.013434E+00 1.129077E+01
2.468268E+02 2.014228E+00 1.128934E+01
2.473964E+02 2.015019E+00 1.128811E+01
2.479673E+02 2.015809E+00 1.128686E+01
2.485395E+02 2.016598E+00 1.128559E+01
2.491130E+02 2.017385E+00 1.128431E+01
2.496878E+02 2.018170E+00 1.128302E+01
2.502640E+02 2.018954E+00 1.128171E+01
2.508415E+02 2.019736E+00 1.128060E+01
2.514203E+02 2.020517E+00 1.127926E+01
2.520005E+02 2.021296E+00 1.127791E+01
2.525820E+02 2.022073E+00 1.127675E+01
2.531648E+02 2.022849E+00 1.127538E+01
2.537490E+02 2.023624E+00 1.127419E+01
2.543346E+02 2.024397E+00 1.127278E+01
2.549215E+02 2.025168E+00 1.127157E+01
2.555097E+02 2.025938E+00 1.127013E+01
2.560993E+02 2.026706E+00 1.126889E+01
2.566903E+02 2.027473E+00 1.126763E+01
2.572826E+02 2.028238E+00 1.126636E+01
2.578763E+02 2.029001E+00 1.126507E+01
2.584714E+02 2.029763E+00 1.126357E+01
2.590678E+02 2.030524E+00 1.126225E+01
2.596656E+02 2.031283E+00 1.126093E+01
2.602648E+02 2.032040E+00 1.125978E+01
2.608654E+02 2.032796E+00 1.125842E+01
2.614673E+02 2.033550E+00 1.125705E+01
2.620707E+02 2.034302E+00 1.125567E+01
2.626754E+02 2.035053E+00 1.125447E+01
2.632815E+02 2.035803E+00 1.125306E+01
2.638891E+02 2.036550E+00 1.125163E+01
2.644980E+02 2.037297E+00 1.125039E+01
2.651084E+02 2.038042E+00 1.124894E+01
2.657201E+02 2.038785E+00 1.124767E+01
2.663333E+02 2.039526E+00 1.124639E+01
2.669478E+02 2.040266E+00 1.124489E+01
2.675638E+02 2.041005E+00 1.124358E+01
2.681813E+02 2.041742E+00 1.124226E+01
2.688001E+02 2.042477E+00 1.124092E+01
2.694204E+02 2.043211E+00 1.123957E+01
2.700421E+02 2.043943E+00 1.123820E+01
2.706652E+02 2.044673E+00 1.123682E+01
2.712898E+02 2.045402E+00 1.123543E+01
2.719158E+02 2.046130E+00 1.123402E+01
2.725433E+02 2.046856E+00 1.123260E+01
2.731722E+02 2.047580E+00 1.123117E+01
2.738025E+02 2.048303E+00 1.122991E+01
2.744343E+02 2.049024E+00 1.122845E+01
2.750676E+02 2.049744E+00 1.122698E+01
2.757023E+02 2.050462E+00 1.122568E+01
2.763385E+02 2.051178E+00 1.122418E+01
2.769762E+02 2.051893E+00 1.122286E+01
2.776153E+02 2.052606E+00 1.122152E+01
2.782559E+02 2.053318E+00 1.121998E+01
2.788980E+02 2.054028E+00 1.121862E+01
2.795416E+02 2.054737E+00 1.121724E+01
2.801867E+02 2.055444E+00 1.121585E+01
2.808332E+02 2.056149E+00 1.121445E+01
2.814812E+02 2.056853E+00 1.121303E+01
2.821308E+02 2.057555E+00 1.121160E+01
2.827818E+02 2.058256E+00 1.121016E+01
2.834343E+02 2.058955E+00 1.120870E+01
2.840884E+02 2.059653E+00 1.120723E+01
2.847439E+02 2.060349E+00 1.120575E+01
2.854010E+02 2.061043E+00 1.120444E+01
2.860596E+02 2.061736E+00 1.120293E+01
2.867196E+02 2.062427E+00 1.120141E+01
2.873813E+02 2.063117E+00 1.120006E+01
2.880444E+02 2.063805E+00 1.119851E+01
2.887091E+02 2.064491E+00 1.119714E+01
2.893753E+02 2.065176E+00 1.119575E+01
2.900430E+02 2.065859E+00 1.119416E+01
2.907123E+02 2.066541E+00 1.119275E+01
2.913832E+02 2.067221E+00 1.119132E+01
2.920556E+02 2.067900E+00 1.118988E+01
2.927295E+02 2.068577E+00 1.118842E+01
2.934050E+02 2.069252E+00 1.118695E+01
2.940820E+02 2.069926E+00 1.118547E+01
2.947606E+02 2.070599E+00 1.118398E+01
2.954408E+02 2.071269E+00 1.118247E+01
2.961225E+02 2.071938E+00 1.118095E+01
2.968059E+02 2.072606E+00 1.117960E+01
2.974908E+02 2.073272E+00 1.117806E+01
2.981772E+02 2.073936E+00 1.117650E+01
2.988653E+02 2.074599E+00 1.117511E+01
2.995549E+02 2.075260E+00 1.117353E+01
3.002462E+02 2.075920E+00 1.117211E+01
3.009390E+02 2.076578E+00 1.117050E+01
3.016334E+02 2.077234E+00 1.116906E+01
3.023295E+02 2.077889E+00 1.116761E+01
3.030271E+02 2.078543E+00 1.116614E+01
3.037264E+02 2.079194E+00 1.116448E+01
3.044272E+02 2.079845E+00 1.116299E+01
3.051297E+02 2.080493E+00 1.116148E+01
3.058338E+02 2.081140E+00 1.115996E+01
3.065395E+02 2.081786E+00 1.115843E+01
3.072469E+02 2.082429E+00 1.115689E+01
3.079559E+02 2.083072E+00 1.115551E+01
3.086665E+02 2.083712E+00 1.115394E+01
3.093788E+02 2.084352E+00 1.115236E+01
3.100927E+02 2.084989E+00 1.115077E+01
3.108082E+02 2.085625E+00 1.114934E+01
3.115254E+02 2.086259E+00 1.114772E+01
3.122443E+02 2.086892E+00 1.114626E+01
3.129648E+02 2.087523E+00 1.114462E+01
3.136870E+02 2.088153E+00 1.114314E+01
3.144108E+02 2.088781E+00 1.114165E+01
3.151363E+02 2.089407E+00 1.113996E+01
3.158635E+02 2.090032E+00 1.113845E+01
3.165924E+02 2.090656E+00 1.113692E+01
3.173230E+02 2.091277E+00 1.113537E+01
3.180552E+02 2.091897E+00 1.113382E+01
3.187891E+02 2.092516E+00 1.113225E+01
3.195248E+02 2.093133E+00 1.113067E+01
3.202621E+02 2.093748E+00 1.112907E+01
3.210011E+02 2.094362E+00 1.112747E+01
3.217418E+02 2.094974E+00 1.112603E+01
3.224842E+02 2.095585E+00 1.112439E+01
3.232284E+02 2.096194E+00 1.112275E+01
3.239743E+02 2.096802E+00 1.112127E+01
3.247218E+02 2.097408E+00 1.111960E+01
3.254712E+02 2.098012E+00 1.111810E+01
3.262222E+02 2.098615E+00 1.111640E+01
3.269750E+02 2.099216E+00 1.111487E+01
3.277295E+02 2.099815E+00 1.111333E+01
3.284857E+02 2.100413E+00 1.111160E+01
3.292437E+02 2.101010E+00 1.111003E+01
3.300035E+02 2.101605E+00 1.110845E+01
3.307650E+02 2.102198E+00 1.110686E+01
3.315282E+02 2.102790E+00 1.110525E+01
3.322933E+02 2.103380E+00 1.110363E+01
3.330600E+02 2.103968E+00 1.110200E+01
3.338286E+02 2.104555E+00 1.110036E+01
3.345989E+02 2.105141E+00 1.109888E+01
3.353710E+02 2.105725E+00 1.109721E+01
3.361449E+02 2.106307E+00 1.109553E+01
3.369206E+02 2.106888E+00 1.109401E+01
3.376980E+02 2.107467E+00 1.109231E+01
3.384773E+02 2.108044E+00 1.109076E+01
3.392583E+02 2.108620E+00 1.108903E+01
3.400412E+02 2.109194E+00 1.108746E+01
3.408259E+02 2.109767E+00 1.108588E+01
3.416123E+02 2.110338E+00 1.108412E+01
3.424006E+02 2.110908E+00 1.108251E+01
3.431907E+02 2.111476E+00 1.108089E+01
3.439826E+02 2.112043E+00 1.107926E+01
3.447764E+02 2.112607E+00 1.107762E+01
3.455720E+02 2.113171E+00 1.107597E+01
3.463694E+02 2.113733E+00 1.107430E+01
3.471687E+02 2.114293E+00 1.107262E+01
3.479698E+02 2.114851E+00 1.107093E+01
3.487727E+02 2.115408E+00 1.106940E+01
3.495776E+02 2.115964E+00 1.106768E+01
3.503842E+02 2.116518E+00 1.106595E+01
3.511928E+02 2.117070E+00 1.106438E+01
3.520031E+02 2.117621E+00 1.106263E+01
3.528154E+02 2.118170E+00 1.106104E+01
3.536296E+02 2.118718E+00 1.105926E+01
3.544456E+02 2.119264E+00 1.105764E+01
3.552635E+02 2.119808E+00 1.105601E+01
3.560833E+02 2.120351E+00 1.105437E+01
3.569049E+02 2.120892E+00 1.105254E+01
3.577285E+02 2.121432E+00 1.105088E+01
3.585540E+02 2.121970E+00 1.104920E+01
3.593814E+02 2.122507E+00 1.104750E+01
3.602107E+02 2.123042E+00 1.104580E+01
3.610419E+02 2.123575E+00 1.104425E+01
3.618750E+02 2.124107E+00 1.104253E+01
3.627100E+02 2.124638E+00 1.104079E+01
3.635470E+02 2.125166E+00 1.103904E+01
3.643859E+02 2.125694E+00 1.103744E+01
3.652267E+02 2.126219E+00 1.103567E+01
3.660695E+02 2.126743E+00 1.103405E+01
3.669142E+02 2.127266E+00 1.103225E+01
3.677609E+02 2.127787E+00 1.103060E+01
3.686095E+02 2.128306E+00 1.102878E+01
3.694601E+02 2.128824E+00 1.102711E+01
3.703127E+02 2.129340E+00 1.102543E+01
3.711672E+02 2.129855E+00 1.102374E+01
3.720237E+02 2.130368E+00 1.102204E+01
3.728821E+02 2.130880E+00 1.102016E+01
3.737426E+02 2.131390E+00 1.101843E+01
3.746050E+02 2.131898E+00 1.101685E+01
3.754694E+02 2.132405E+00 1.101510E+01
3.763358E+02 2.132910E+00 1.101334E+01
3.772042E+02 2.133414E+00 1.101157E+01
3.780747E+02 2.133916E+00 1.100978E+01
3.789471E+02 2.134417E+00 1.100815E+01
3.798215E+02 2.134916E+00 1.100634E+01
3.806980E+02 2.135413E+00 1.100468E+01
3.815765E+02 2.135909E+00 1.100285E+01
3.824570E+02 2.136404E+00 1.100117E+01
3.833395E+02 2.136896E+00 1.099931E+01
3.842241E+02 2.137388E+00 1.099760E+01
3.851107E+02 2.137877E+00 1.099589E+01
3.859994E+02 2.138366E+00 1.099416E+01
3.868901E+02 2.138852E+00 1.099242E+01
3.877828E+02 2.139337E+00 1.099051E+01
3.886777E+02 2.139821E+00 1.098874E+01
3.895746E+02 2.140303E+00 1.098713E+01
3.904735E+02 2.140783E+00 1.098535E+01
3.913746E+02 2.141262E+00 1.098355E+01
3.922777E+02 2.141739E+00 1.098174E+01
3.931829E+02 2.142215E+00 1.097992E+01
3.940902E+02 2.142689E+00 1.097825E+01
3.949995E+02 2.143162E+00 1.097640E+01
3.959110E+02 2.143633E+00 1.097471E+01
3.968246E+02 2.144102E+00 1.097284E+01
3.977403E+02 2.144570E+00 1.097113E+01
3.986581E+02 2.145037E+00 1.096924E+01
3.995780E+02 2.145502E+00 1.096750E+01
4.005001E+02 2.145965E+00 1.096574E+01
4.014242E+02 2.146427E+00 1.096398E+01
4.023506E+02 2.146887E+00 1.096205E+01
4.032790E+02 2.147346E+00 1.096026E+01
4.042096E+02 2.147803E+00 1.095846E+01
4.051423E+02 2.148259E+00 1.095665E+01
4.060772E+02 2.148713E+00 1.095499E+01
4.070142E+02 2.149165E+00 1.095316E+01
4.079535E+02 2.149616E+00 1.095132E+01
4.088948E+02 2.150066E+00 1.094946E+01
4.098384E+02 2.150513E+00 1.094775E+01
4.107841E+02 2.150960E+00 1.094588E+01
4.117320E+02 2.151405E+00 1.094399E+01
4.126821E+02 2.151848E+00 1.094225E+01
4.136344E+02 2.152290E+00 1.094050E+01
4.145888E+02 2.152730E+00 1.093857E+01
4.155455E+02 2.153168E+00 1.093680E+01
4.165044E+02 2.153606E+00 1.093501E+01
4.174655E+02 2.154041E+00 1.093306E+01
4.184289E+02 2.154475E+00 1.093125E+01
4.193944E+02 2.154908E+00 1.092943E+01
4.203622E+02 2.155339E+00 1.092759E+01
4.213322E+02 2.155768E+00 1.092575E+01
4.223044E+02 2.156196E+00 1.092390E+01
4.232789E+02 2.156622E+00 1.092219E+01
4.242556E+02 2.157047E+00 1.092031E+01
4.252346E+02 2.157471E+00 1.091842E+01
4.262159E+02 2.157892E+00 1.091668E+01
4.271994E+02 2.158313E+00 1.091477E+01
4.281852E+02 2.158731E+00 1.091285E+01
4.291732E+02 2.159149E+00 1.091107E+01
4.301636E+02 2.159564E+00 1.090913E+01
4.311562E+02 2.159978E+00 1.090733E+01
4.321511E+02 2.160391E+00 1.090552E+01
4.331483E+02 2.160802E+00 1.090370E+01
4.341478E+02 2.161212E+00 1.090171E+01
4.351497E+02 2.161620E+00 1.089987E+01
4.361538E+02 2.162026E+00 1.089802E+01
4.371602E+02 2.162431E+00 1.089615E+01
4.381690E+02 2.162835E+00 1.089428E+01
4.391801E+02 2.163237E+00 1.089239E+01
4.401935E+02 2.163637E+00 1.089064E+01
4.412093E+02 2.164036E+00 1.088873E+01
4.422274E+02 2.164433E+00 1.088681E+01
4.432479E+02 2.164829E+00 1.088488E+01
4.442707E+02 2.165224E+00 1.088310E+01
4.452959E+02 2.165617E+00 1.088114E+01
4.463234E+02 2.166008E+00 1.087933E+01
4.473533E+02 2.166398E+00 1.087751E+01
4.483856E+02 2.166786E+00 1.087553E+01
4.494203E+02 2.167173E+00 1.087368E+01
4.504573E+02 2.167558E+00 1.087183E+01
4.514968E+02 2.167942E+00 1.086981E+01
4.525386E+02 2.168324E+00 1.086793E+01
4.535829E+02 2.168705E+00 1.086605E+01
4.546295E+02 2.169084E+00 1.086415E+01
4.556786E+02 2.169462E+00 1.086224E+01
4.567301E+02 2.169838E+00 1.086047E+01
4.577841E+02 2.170213E+00 1.085854E+01
4.588404E+02 2.170586E+00 1.085660E+01
4.598992E+02 2.170958E+00 1.085465E+01
4.609604E+02 2.171328E+00 1.085284E+01
4.620241E+02 2.171697E+00 1.085087E+01
4.630903E+02 2.172064E+00 1.084903E+01
4.641589E+02 2.172430E+00 1.084704E+01
4.652300E+02 2.172794E+00 1.084519E+01
4.663035E+02 2.173156E+00 1.084317E+01
4.673795E+02 2.173518E+00 1.084129E+01
4.684580E+02 2.173877E+00 1.083941E+01
4.695390E+02 2.174236E+00 1.083751E+01
4.706225E+02 2.174592E+00 1.083560E+01
4.717085E+02 2.174947E+00 1.083368E+01
4.727970E+02 2.175301E+00 1.083175E+01
4.738880E+02 2.175653E+00 1.082981E+01
4.749815E+02 2.176004E+00 1.082786E+01
4.760775E+02 2.176353E+00 1.082590E+01
4.771761E+02 2.176701E+00 1.082393E+01
4.782772E+02 2.177047E+00 1.082210E+01
4.793808E+02 2.177392E+00 1.082011E+01
4.804870E+02 2.177735E+00 1.081810E+01
4.815958E+02 2.178077E+00 1.081624E+01
4.827071E+02 2.178417E+00 1.081421E+01
4.838210E+02 2.178756E+00 1.081233E+01
4.849374E+02 2.179094E+00 1.081043E+01
4.860564E+02 2.179429E+00 1.080838E+01
4.871780E+02 2.179764E+00 1.080646E+01
4.883022E+02 2.180097E+00 1.080453E+01
4.894290E+02 2.180428E+00 1.080259E+01
4.905584E+02 2.180758E+00 1.080064E+01
4.916904E+02 2.181086E+00 1.079868E+01
4.928250E+02 2.181413E+00 1.079671E+01
4.939622E+02 2.181739E+00 1.079473E+01
4.951020E+02 2.182063E+00 1.079274E+01
4.962445E+02 2.182385E+00 1.079089E+01
4.973896E+02 2.182706E+00 1.078887E+01
4.985373E+02 2.183026E+00 1.078685E+01
4.996877E+02 2.183344E+00 1.078497E+01
5.008408E+02 2.183661E+00 1.078292E+01
5.019965E+02 2.183976E+00 1.078102E+01
5.031549E+02 2.184290E+00 1.077910E+01
5.043159E+02 2.184602E+00 1.077703E+01
5.054797E+02 2.184913E+00 1.077509E+01
5.066461E+02 2.185222E+00 1.077314E+01
5.078152E+02 2.185530E+00 1.077118E+01
5.089870E+02 2.185836E+00 1.076921E+01
5.101615E+02 2.186141E+00 1.076723E+01
5.113388E+02 2.186445E+00 1.076525E+01
5.125187E+02 2.186747E+00 1.076325E+01
5.137014E+02 2.187047E+00 1.076124E+01
5.148867E+02 2.187346E+00 1.075922E+01
5.160749E+02 2.187644E+00 1.075733E+01
5.172657E+02 2.187940E+00 1.075529E+01
5.184594E+02 2.188235E+00 1.075324E+01
5.196557E+02 2.188528E+00 1.075132E+01
5.208549E+02 2.188820E+00 1.074925E+01
5.220568E+02 2.189110E+00 1.074732E+01
5.232614E+02 2.189399E+00 1.074537E+01
5.244689E+02 2.189686E+00 1.074327E+01
5.256791E+02 2.189972E+00 1.074130E+01
5.268921E+02 2.190257E+00 1.073933E+01
5.281080E+02 2.190540E+00 1.073734E+01
5.293266E+02 2.190822E+00 1.073534E+01
5.305481E+02 2.191102E+00 1.073333E+01
5.317723E+02 2.191381E+00 1.073132E+01
5.329994E+02 2.191658E+00 1.072929E+01
5.342293E+02 2.191934E+00 1.072725E+01
5.354621E+02 2.192208E+00 1.072520E+01
5.366977E+02 2.192481E+00 1.072329E+01
5.379362E+02 2.192753E+00 1.072122E+01
5.391775E+02 2.193023E+00 1.071914E+01
5.404216E+02 2.193292E+00 1.071720E+01
5.416687E+02 2.193559E+00 1.071510E+01
5.429186E+02 2.193825E+00 1.071314E+01
5.441714E+02 2.194089E+00 1.071116E+01
5.454271E+02 2.194352E+00 1.070903E+01
5.466857E+02 2.194613E+00 1.070704E+01
5.479472E+02 2.194874E+00 1.070503E+01
5.492116E+02 2.195132E+00 1.070302E+01
5.504790E+02 2.195389E+00 1.070099E+01
5.517492E+02 2.195645E+00 1.069896E+01
5.530224E+02 2.195900E+00 1.069691E+01
5.542986E+02 2.196153E+00 1.069486E+01
5.555776E+02 2.196404E+00 1.069280E+01
5.568596E+02 2.196654E+00 1.069086E+01
5.581446E+02 2.196903E+00 1.068878E+01
5.594326E+02 2.197150E+00 1.068668E+01
5.607235E+02 2.197396E+00 1.068472E+01
5.620174E+02 2.197640E+00 1.068261E+01
5.633143E+02 2.197883E+00 1.068062E+01
5.646141E+02 2.198125E+00 1.067863E+01
5.659170E+02 2.198365E+00 1.067649E+01
5.672229E+02 2.198604E+00 1.067448E+01
5.685318E+02 2.198841E+00 1.067245E+01
5.698437E+02 2.199077E+00 1.067042E+01
5.711586E+02 2.199312E+00 1.066838E+01
5.724766E+02 2.199545E+00 1.066633E+01
5.737976E+02 2.199777E+00 1.066427E+01
5.751217E+02 2.200007E+00 1.066220E+01
5.764488E+02 2.200236E+00 1.066012E+01
5.777790E+02 2.200463E+00 1.065803E+01
5.791123E+02 2.200690E+00 1.065593E+01
5.804486E+02 2.200914E+00 1.065396E+01
5.817880E+02 2.201138E+00 1.065184E+01
5.831305E+02 2.201359E+00 1.064985E+01
5.844761E+02 2.201580E+00 1.064771E+01
5.858248E+02 2.201799E+00 1.064570E+01
5.871766E+02 2.202017E+00 1.064354E+01
5.885316E+02 2.202233E+00 1.064152E+01
5.898896E+02 2.202448E+00 1.063948E+01
5.912508E+02 2.202662E+00 1.063743E+01
5.926152E+02 2.202874E+00 1.063537E+01
5.939827E+02 2.203085E+00 1.063330E+01
5.953533E+02 2.203294E+00 1.063123E+01
5.967271E+02 2.203502E+00 1.062914E+01
5.981041E+02 2.203709E+00 1.062705E+01
5.994843E+02 2.203914E+00 1.062494E+01
6.008676E+02 2.204118E+00 1.062283E+01
6.022541E+02 2.204320E+00 1.062084E+01
6.036439E+02 2.204521E+00 1.061871E+01
6.050368E+02 2.204721E+00 1.061657E+01
6.064329E+02 2.204919E+00 1.061455E+01
6.078323E+02 2.205116E+00 1.061239E+01
6.092349E+02 2.205312E+00 1.061035E+01
6.106408E+02 2.205506E+00 1.060831E+01
6.120498E+02 2.205699E+00 1.060612E+01
6.134622E+02 2.205890E+00 1.060406E+01
6.148778E+02 2.206080E+00 1.060199E+01
6.162966E+02 2.206269E+00 1.059990E+01
6.177188E+02 2.206457E+00 1.059781E+01
6.191442E+02 2.206643E+00 1.059571E+01
6.205729E+02 2.206827E+00 1.059360E+01
6.220049E+02 2.207010E+00 1.059149E+01
6.234402E+02 2.207192E+00 1.058949E+01
6.248788E+02 2.207373E+00 1.058735E+01
6.263207E+02 2.207552E+00 1.058521E+01
6.277660E+02 2.207730E+00 1.058318E+01
6.292146E+02 2.207906E+00 1.058102E+01
6.306666E+02 2.208082E+00 1.057898E+01
6.321218E+02 2.208255E+00 1.057680E+01
6.335805E+02 2.208428E+00 1.057474E+01
6.350425E+02 2.208599E+00 1.057254E+01
6.365079E+02 2.208768E+00 1.057046E+01
6.379767E+02 2.208937E+00 1.056838E+01
6.394488E+02 2.209104E+00 1.056628E+01
6.409244E+02 2.209269E+00 1.056418E+01
6.424034E+02 2.209434E+00 1.056206E+01
6.438857E+02 2.209597E+00 1.055994E+01
6.453715E+02 2.209758E+00 1.055781E+01
6.468608E+02 2.209919E+00 1.055567E+01
6.483534E+02 2.210078E+00 1.055352E+01
6.498495E+02 2.210235E+00 1.055149E+01
6.513491E+02 2.210392E+00 1.054932E+01
6.528521E+02 2.210547E+00 1.054728E+01
6.543586E+02 2.210700E+00 1.054509E+01
6.558686E+02 2.210852E+00 1.054303E+01
6.573820E+02 2.211003E+00 1.054083E+01
6.588990E+02 2.211153E+00 1.053874E+01
6.604194E+02 2.211301E+00 1.053665E+01
6.619433E+02 2.211448E+00 1.053443E+01
6.634708E+02 2.211594E+00 1.053232E+01
6.650018E+02 2.211738E+00 1.053020E+01
6.665363E+02 2.211881E+00 1.052807E+01
6.680744E+02 2.212023E+00 1.052594E+01
6.696160E+02 2.212163E+00 1.052380E+01
6.711612E+02 2.212302E+00 1.052164E+01
6.727099E+02 2.212440E+00 1.051948E+01
6.742622E+02 2.212576E+00 1.051744E+01
6.758181E+02 2.212711E+00 1.051526E+01
6.773776E+02 2.212845E+00 1.051308E+01
6.789407E+02 2.212978E+00 1.051101E+01
6.805074E+02 2.213109E+00 1.050880E+01
6.820777E+02 2.213239E+00 1.050672E+01
6.836516E+02 2.213367E+00 1.050462E+01
6.852292E+02 2.213494E+00 1.050239E+01
6.868104E+02 2.213620E+00 1.050028E+01
6.883952E+02 2.213745E+00 1.049816E+01
6.899837E+02 2.213868E+00 1.049603E+01
6.915759E+02 2.213990E+00 1.049390E+01
6.931717E+02 2.214111E+00 1.049175E+01
6.947713E+02 2.214230E+00 1.048960E+01
6.963745E+02 2.214348E+00 1.048743E+01
6.979814E+02 2.214465E+00 1.048526E+01
6.995920E+02 2.214581E+00 1.048308E+01
7.012064E+02 2.214695E+00 1.048089E+01
7.028244E+02 2.214808E+00 1.047882E+01
7.044462E+02 2.214919E+00 1.047662E+01
7.060718E+02 2.215030E+00 1.047453E+01
7.077011E+02 2.215139E+00 1.047231E+01
7.093341E+02 2.215247E+00 1.047020E+01
7.109709E+02 2.215353E+00 1.046796E+01
7.126115E+02 2.215458E+00 1.046584E+01
7.142559E+02 2.215562E+00 1.046371E+01
7.159041E+02 2.215665E+00 1.046157E+01
7.175561E+02 2.215766E+00 1.045942E+01
7.192119E+02 2.215866E+00 1.045727E+01
7.208715E+02 2.215965E+00 1.045510E+01
7.225349E+02 2.216063E+00 1.045293E+01
7.242022E+02 2.216159E+00 1.045075E+01
7.258734E+02 2.216254E+00 1.044856E+01
7.275484E+02 2.216348E+00 1.044636E+01
7.292272E+02 2.216440E+00 1.044428E+01
7.309099E+02 2.216532E+00 1.044206E+01
7.325965E+02 2.216621E+00 1.043984E+01
7.342870E+02 2.216710E+00 1.043773E+01
7.359814E+02 2.216798E+00 1.043549E+01
7.376798E+02 2.216884E+00 1.043337E+01
7.393820E+02 2.216969E+00 1.043124E+01
7.410882E+02 2.217052E+00 1.042898E+01
7.427982E+02 2.217135E+00 1.042683E+01
7.445123E+02 2.217216E+00 1.042467E+01
7.462303E+02 2.217296E+00 1.042251E+01
7.479523E+02 2.217374E+00 1.042033E+01
7.496782E+02 2.217452E+00 1.041815E+01
7.514081E+02 2.217528E+00 1.041596E+01
7.531420E+02 2.217603E+00 1.041376E+01
7.548799E+02 2.217676E+00 1.041156E+01
7.566219E+02 2.217749E+00 1.040947E+01
7.583678E+02 2.217820E+00 1.040724E+01
7.601178E+02 2.217890E+00 1.040501E+01
7.618718E+02 2.217958E+00 1.040290E+01
7.636298E+02 2.218026E+00 1.040065E+01
7.653919E+02 2.218092E+00 1.039852E+01
7.671581E+02 2.218157E+00 1.039638E+01
7.689284E+02 2.218221E+00 1.039411E+01
7.707027E+02 2.218283E+00 1.039195E+01
7.724811E+02 2.218344E+00 1.038978E+01
7.742637E+02 2.218404E+00 1.038761E+01
7.760503E+02 2.218463E+00 1.038543E+01
7.778411E+02 2.218521E+00 1.038324E+01
7.796360E+02 2.218577E+00 1.038104E+01
7.814351E+02 2.218632E+00 1.037884E+01
7.832383E+02 2.218686E+00 1.037663E+01
7.850456E+02 2.218739E+00 1.037441E+01
7.868572E+02 2.218790E+00 1.037230E+01
7.886729E+02 2.218840E+00 1.037006E+01
7.904928E+02 2.218889E+00 1.036782E+01
7.923169E+02 2.218937E+00 1.036568E+01
7.941452E+02 2.218984E+00 1.036342E+01
7.959777E+02 2.219029E+00 1.036127E+01
7.978145E+02 2.219073E+00 1.035912E+01
7.996555E+02 2.219116E+00 1.035683E+01
8.015007E+02 2.219158E+00 1.035466E+01
8.033502E+02 2.219199E+00 1.035248E+01
8.052040E+02 2.219238E+00 1.035030E+01
8.070620E+02 2.219276E+00 1.034810E+01
8.089243E+02 2.219313E+00 1.034590E+01
8.107910E+02 2.219349E+00 1.034369E+01
8.126619E+02 2.219383E+00 1.034147E+01
8.145372E+02 2.219417E+00 1.033924E+01
8.164168E+02 2.219449E+00 1.033701E+01
8.183007E+02 2.219480E+00 1.033488E+01
8.201889E+02 2.219510E+00 1.033263E+01
8.220816E+02 2.219538E+00 1.033049E+01
8.239786E+02 2.219566E+00 1.032823E+01
8.258799E+02 2.219592E+00 1.032607E+01
8.277857E+02 2.219617E+00 1.032379E+01
8.296959E+02 2.219641E+00 1.032162E+01
8.316104E+02 2.219663E+00 1.031944E+01
8.335294E+02 2.219685E+00 1.031714E+01
8.354528E+02 2.219705E+00 1.031495E+01
8.373807E+02 2.219724E+00 1.031275E+01
8.393129E+02 2.219742E+00 1.031054E+01
8.412497E+02 2.219759E+00 1.030832E+01
8.431909E+02 2.219775E+00 1.030610E+01
8.451366E+02 2.219789E+00 1.030387E+01
8.470868E+02 2.219802E+00 1.030175E+01
8.490415E+02 2.219814E+00 1.029950E+01
8.510007E+02 2.219825E+00 1.029725E+01
8.529644E+02 2.219835E+00 1.029510E+01
8.549327E+02 2.219844E+00 1.029283E+01
8.569055E+02 2.219851E+00 1.029067E+01
8.588829E+02 2.219857E+00 1.028839E+01
8.608648E+02 2.219862E+00 1.028621E+01
8.628513E+02 2.219866E+00 1.028391E+01
8.648423E+02 2.219869E+00 1.028172E+01
8.668380E+02 2.219871E+00 1.027953E+01
8.688383E+02 2.219871E+00 1.027732E+01
8.708431E+02 2.219871E+00 1.027511E+01
8.728527E+02 2.219869E+00 1.027289E+01
8.748668E+02 2.219866E+00 1.027066E+01
8.768856E+02 2.219862E+00 1.026843E+01
8.789091E+02 2.219857E+00 1.026619E+01
8.809372E+02 2.219850E+00 1.026394E+01
8.829700E+02 2.219843E+00 1.026180E+01
8.850075E+02 2.219834E+00 1.025953E+01
8.870497E+02 2.219824E+00 1.025726E+01
8.890966E+02 2.219813E+00 1.025510E+01
8.911482E+02 2.219801E+00 1.025281E+01
8.932046E+02 2.219788E+00 1.025063E+01
8.952657E+02 2.219774E+00 1.024845E+01
8.973316E+02 2.219758E+00 1.024614E+01
8.994022E+02 2.219741E+00 1.024394E+01
9.014776E+02 2.219724E+00 1.024173E+01
9.035578E+02 2.219705E+00 1.023951E+01
9.056428E+02 2.219685E+00 1.023729E+01
9.077327E+02 2.219664E+00 1.023506E+01
9.098273E+02 2.219642E+00 1.023282E+01
9.119268E+02 2.219618E+00 1.023058E+01
9.140311E+02 2.219594E+00 1.022833E+01
9.161402E+02 2.219568E+00 1.022607E+01
9.182543E+02 2.219542E+00 1.022392E+01
9.203732E+02 2.219514E+00 1.022164E+01
9.224970E+02 2.219485E+00 1.021936E+01
9.246257E+02 2.219455E+00 1.021719E+01
9.267593E+02 2.219424E+00 1.021490E+01
9.288979E+02 2.219391E+00 1.021271E+01
9.310413E+02 2.219358E+00 1.021051E+01
9.331898E+02 2.219324E+00 1.020820E+01
9.353432E+02 2.219288E+00 1.020599E+01
9.375015E+02 2.219252E+00 1.020377E+01
9.396648E+02 2.219214E+00 1.020155E+01
9.418332E+02 2.219175E+00 1.019932E+01
9.440065E+02 2.219135E+00 1.019708E+01
9.461848E+02 2.219094E+00 1.019483E+01
9.483682E+02 2.219052E+00 1.019258E+01
9.505566E+02 2.219009E+00 1.019032E+01
9.527500E+02 2.218964E+00 1.018805E+01
9.549486E+02 2.218919E+00 1.018589E+01
9.571522E+02 2.218873E+00 1.018361E+01
9.593608E+02 2.218825E+00 1.018133E+01
9.615746E+02 2.218776E+00 1.017914E+01
9.637935E+02 2.218727E+00 1.017684E+01
9.660175E+02 2.218676E+00 1.017465E+01
9.682466E+02 2.218624E+00 1.017244E+01
9.704809E+02 2.218571E+00 1.017012E+01
9.727203E+02 2.218517E+00 1.016791E+01
9.749649E+02 2.218462E+00 1.016568E+01
9.772147E+02 2.218406E+00 1.016345E+01
9.794697E+02 2.218349E+00 1.016121E+01
9.817298E+02 2.218290E+00 1.015897E+01
9.839952E+02 2.218231E+00 1.015672E+01
9.862658E+02 2.218171E+00 1.015446E+01
9.885417E+02 2.218109E+00 1.015219E+01
9.908228E+02 2.218046E+00 1.015003E+01
9.931092E+02 2.217983E+00 1.014775E+01
9.954008E+02 2.217918E+00 1.014547E+01
9.976978E+02 2.217852E+00 1.014328E+01
1.000000E+03 2.217786E+00 1.014098E+01
