2.000000E+01 4.036891E-01 9.841645E+00
2.114714E+01 4.323516E-01 9.801596E+00
2.236007E+01 4.656259E-01 9.783532E+00
2.364258E+01 5.042923E-01 9.792617E+00
2.499864E+01 5.491261E-01 9.829983E+00
2.643249E+01 6.007571E-01 9.898481E+00
2.794858E+01 6.594233E-01 9.998786E+00
2.955162E+01 7.245977E-01 1.012753E+01
3.124661E+01 7.945292E-01 1.027809E+01
3.303882E+01 8.658800E-01 1.043859E+01
3.493383E+01 9.353869E-01 1.059607E+01
3.693752E+01 1.003033E+00 1.074822E+01
3.905615E+01 1.069131E+00 1.089455E+01
4.129629E+01 1.133863E+00 1.103439E+01
4.366492E+01 1.197345E+00 1.116733E+01
4.616940E+01 1.259651E+00 1.129409E+01
4.881754E+01 1.320827E+00 1.141398E+01
5.161756E+01 1.380899E+00 1.152773E+01
5.457818E+01 1.439878E+00 1.163481E+01
5.770862E+01 1.497767E+00 1.173554E+01
6.101861E+01 1.554560E+00 1.183062E+01
6.451845E+01 1.610242E+00 1.191956E+01
6.821903E+01 1.664798E+00 1.200269E+01
7.213187E+01 1.718206E+00 1.208027E+01
7.626913E+01 1.770445E+00 1.215226E+01
8.064369E+01 1.821490E+00 1.221891E+01
8.526917E+01 1.871314E+00 1.228020E+01
9.015994E+01 1.919894E+00 1.233638E+01
9.533124E+01 1.967202E+00 1.238743E+01
1.007991E+02 2.013214E+00 1.243361E+01
1.065807E+02 2.057906E+00 1.247489E+01
1.126938E+02 2.101255E+00 1.251180E+01
1.191576E+02 2.143239E+00 1.254406E+01
1.259921E+02 2.183840E+00 1.257168E+01
1.332186E+02 2.223038E+00 1.259539E+01
1.408596E+02 2.260820E+00 1.261473E+01
1.489389E+02 2.297170E+00 1.262995E+01
1.574816E+02 2.332080E+00 1.264130E+01
1.665143E+02 2.365540E+00 1.264881E+01
1.760650E+02 2.397544E+00 1.265254E+01
1.861635E+02 2.428089E+00 1.265292E+01
1.968413E+02 2.457176E+00 1.264962E+01
2.081315E+02 2.484805E+00 1.264308E+01
2.200693E+02 2.510982E+00 1.263336E+01
2.326918E+02 2.535713E+00 1.262054E+01
2.460383E+02 2.559008E+00 1.260486E+01
2.601503E+02 2.580880E+00 1.258623E+01
2.750717E+02 2.601342E+00 1.256475E+01
2.908490E+02 2.620412E+00 1.254082E+01
3.075312E+02 2.638108E+00 1.251439E+01
3.251703E+02 2.654451E+00 1.248554E+01
3.438210E+02 2.669463E+00 1.245439E+01
3.635415E+02 2.683170E+00 1.242104E+01
3.843932E+02 2.695597E+00 1.238574E+01
4.064408E+02 2.706773E+00 1.234861E+01
4.297530E+02 2.716725E+00 1.230947E+01
4.544023E+02 2.725485E+00 1.226872E+01
4.804654E+02 2.733083E+00 1.222635E+01
5.080234E+02 2.739552E+00 1.218259E+01
5.371621E+02 2.744926E+00 1.213731E+01
5.679721E+02 2.749238E+00 1.209077E+01
6.005492E+02 2.752522E+00 1.204308E+01
6.349949E+02 2.754815E+00 1.199425E+01
6.714162E+02 2.756150E+00 1.194441E+01
7.099266E+02 2.756564E+00 1.189367E+01
7.506458E+02 2.756092E+00 1.184215E+01
7.937005E+02 2.754771E+00 1.178988E+01
8.392248E+02 2.752636E+00 1.173697E+01
8.873601E+02 2.749722E+00 1.168344E+01
9.382564E+02 2.746066E+00 1.162952E+01
9.920719E+02 2.741703E+00 1.157522E+01
1.048974E+03 2.736666E+00 1.152056E+01
1.109140E+03 2.730992E+00 1.146557E+01
1.172757E+03 2.724714E+00 1.141054E+01
1.240023E+03 2.717865E+00 1.135531E+01
1.311146E+03 2.710479E+00 1.130010E+01
1.386350E+03 2.702588E+00 1.124491E+01
1.465867E+03 2.694224E+00 1.118976E+01
1.549944E+03 2.685418E+00 1.113486E+01
1.638844E+03 2.676201E+00 1.108013E+01
1.732843E+03 2.666603E+00 1.102567E+01
1.832234E+03 2.656653E+00 1.097151E+01
1.937325E+03 2.646379E+00 1.091774E+01
2.048444E+03 2.635810E+00 1.086447E+01
2.165937E+03 2.624972E+00 1.081161E+01
2.290168E+03 2.613891E+00 1.075927E+01
2.421525E+03 2.602594E+00 1.070761E+01
2.560416E+03 2.591105E+00 1.065649E+01
2.707274E+03 2.579448E+00 1.060599E+01
2.862555E+03 2.567647E+00 1.055627E+01
3.026742E+03 2.555724E+00 1.050727E+01
3.200347E+03 2.543702E+00 1.045897E+01
3.383909E+03 2.531601E+00 1.041155E+01
3.578000E+03 2.519443E+00 1.036500E+01
3.783223E+03 2.507246E+00 1.031931E+01
4.000217E+03 2.495030E+00 1.027447E+01
4.229657E+03 2.482814E+00 1.023064E+01
4.472257E+03 2.470616E+00 1.018773E+01
4.728772E+03 2.458452E+00 1.014581E+01
5.000000E+03 2.446339E+00 1.010485E+01
