1.000000E+00 1.055542E-01 4.039442E+01
1.017215E+00 1.059867E-01 3.961379E+01
1.034726E+00 1.064232E-01 3.894969E+01
1.052539E+00 1.068636E-01 3.820635E+01
1.070659E+00 1.073080E-01 3.757098E+01
1.089090E+00 1.077563E-01 3.686293E+01
1.107839E+00 1.082087E-01 3.625490E+01
1.126910E+00 1.086653E-01 3.565849E+01
1.146310E+00 1.091261E-01 3.507345E+01
1.166044E+00 1.095913E-01 3.449952E+01
1.186117E+00 1.100610E-01 3.393643E+01
1.206536E+00 1.105354E-01 3.338390E+01
1.227307E+00 1.110146E-01 3.290694E+01
1.248435E+00 1.114987E-01 3.237238E+01
1.269927E+00 1.119881E-01 3.190861E+01
1.291789E+00 1.124827E-01 3.145040E+01
1.314027E+00 1.129827E-01 3.094091E+01
1.336648E+00 1.134882E-01 3.049589E+01
1.359658E+00 1.139993E-01 3.005659E+01
1.383065E+00 1.145161E-01 2.962311E+01
1.406874E+00 1.150385E-01 2.924527E+01
1.431094E+00 1.155667E-01 2.882212E+01
1.455730E+00 1.161005E-01 2.845175E+01
1.480790E+00 1.166401E-01 2.803951E+01
1.506282E+00 1.171854E-01 2.767729E+01
1.532213E+00 1.177365E-01 2.731867E+01
1.558590E+00 1.182934E-01 2.696379E+01
1.585421E+00 1.188561E-01 2.661277E+01
1.612714E+00 1.194248E-01 2.626570E+01
1.640477E+00 1.199994E-01 2.592268E+01
1.668718E+00 1.205800E-01 2.562008E+01
1.697445E+00 1.211668E-01 2.531949E+01
1.726667E+00 1.217597E-01 2.498675E+01
1.756391E+00 1.223590E-01 2.469153E+01
1.786628E+00 1.229646E-01 2.439864E+01
1.817384E+00 1.235767E-01 2.410818E+01
1.848671E+00 1.241955E-01 2.385075E+01
1.880496E+00 1.248209E-01 2.356454E+01
1.912868E+00 1.254532E-01 2.330988E+01
1.945798E+00 1.260923E-01 2.302835E+01
1.979295E+00 1.267385E-01 2.277694E+01
2.013369E+00 1.273917E-01 2.252696E+01
2.048029E+00 1.280521E-01 2.227852E+01
2.083286E+00 1.287197E-01 2.205688E+01
2.119150E+00 1.293946E-01 2.181118E+01
2.155631E+00 1.300769E-01 2.159120E+01
2.192740E+00 1.307666E-01 2.134874E+01
2.230488E+00 1.314638E-01 2.113094E+01
2.268886E+00 1.321685E-01 2.091410E+01
2.307945E+00 1.328809E-01 2.069833E+01
2.347677E+00 1.336011E-01 2.050463E+01
2.388092E+00 1.343291E-01 2.029077E+01
2.429203E+00 1.350649E-01 2.009812E+01
2.471022E+00 1.358089E-01 1.990591E+01
2.513560E+00 1.365609E-01 1.971425E+01
2.556831E+00 1.373212E-01 1.952322E+01
2.600847E+00 1.380899E-01 1.933294E+01
2.645621E+00 1.388671E-01 1.916098E+01
2.691165E+00 1.396529E-01 1.897198E+01
2.737494E+00 1.404475E-01 1.880062E+01
2.784620E+00 1.412511E-01 1.862949E+01
2.832557E+00 1.420637E-01 1.847458E+01
2.881320E+00 1.428855E-01 1.830382E+01
2.930922E+00 1.437167E-01 1.813359E+01
2.981378E+00 1.445573E-01 1.797874E+01
3.032702E+00 1.454074E-01 1.782388E+01
3.084910E+00 1.462671E-01 1.766913E+01
3.138017E+00 1.471365E-01 1.752836E+01
3.192038E+00 1.480156E-01 1.737379E+01
3.246989E+00 1.489044E-01 1.723280E+01
3.302886E+00 1.498031E-01 1.709171E+01
3.359745E+00 1.507114E-01 1.695065E+01
3.417583E+00 1.516295E-01 1.680972E+01
3.476417E+00 1.525571E-01 1.666904E+01
3.536264E+00 1.534943E-01 1.654045E+01
3.597141E+00 1.544408E-01 1.641181E+01
3.659065E+00 1.553964E-01 1.628323E+01
3.722056E+00 1.563610E-01 1.615484E+01
3.786132E+00 1.573341E-01 1.603750E+01
3.851310E+00 1.583155E-01 1.592011E+01
3.917610E+00 1.593048E-01 1.579251E+01
3.985052E+00 1.603019E-01 1.567559E+01
4.053655E+00 1.613067E-01 1.556875E+01
4.123439E+00 1.623194E-01 1.545207E+01
4.194424E+00 1.633405E-01 1.534507E+01
4.266631E+00 1.643707E-01 1.523786E+01
4.340081E+00 1.654108E-01 1.513038E+01
4.414796E+00 1.664621E-01 1.502255E+01
4.490796E+00 1.675262E-01 1.492297E+01
4.568106E+00 1.686050E-01 1.482242E+01
4.646746E+00 1.697008E-01 1.472076E+01
4.726739E+00 1.708165E-01 1.461781E+01
4.808110E+00 1.719548E-01 1.452143E+01
4.890882E+00 1.731189E-01 1.442312E+01
4.975079E+00 1.743119E-01 1.432277E+01
5.060725E+00 1.755373E-01 1.422781E+01
5.147845E+00 1.767984E-01 1.413032E+01
5.236466E+00 1.780989E-01 1.403023E+01
5.326612E+00 1.794427E-01 1.393458E+01
5.418309E+00 1.808339E-01 1.384286E+01
5.511586E+00 1.822767E-01 1.374115E+01
5.606468E+00 1.837755E-01 1.364969E+01
5.702983E+00 1.853351E-01 1.354831E+01
5.801160E+00 1.869603E-01 1.345639E+01
5.901027E+00 1.886563E-01 1.336086E+01
6.002614E+00 1.904285E-01 1.326183E+01
6.105949E+00 1.922824E-01 1.316529E+01
6.211063E+00 1.942238E-01 1.307096E+01
6.317986E+00 1.962587E-01 1.297307E+01
6.426751E+00 1.983933E-01 1.287724E+01
6.537387E+00 2.006339E-01 1.278329E+01
6.649928E+00 2.029869E-01 1.269109E+01
6.764407E+00 2.054585E-01 1.259554E+01
6.880857E+00 2.080552E-01 1.250184E+01
6.999311E+00 2.107830E-01 1.240995E+01
7.119804E+00 2.136478E-01 1.231986E+01
7.242372E+00 2.166550E-01 1.223161E+01
7.367049E+00 2.198093E-01 1.214095E+01
7.493873E+00 2.231147E-01 1.205673E+01
7.622880E+00 2.265740E-01 1.197059E+01
7.754108E+00 2.301888E-01 1.188698E+01
7.887595E+00 2.339587E-01 1.180987E+01
8.023381E+00 2.378818E-01 1.173175E+01
8.161503E+00 2.419535E-01 1.165674E+01
8.302004E+00 2.461666E-01 1.158505E+01
8.444923E+00 2.505110E-01 1.151692E+01
8.590303E+00 2.549730E-01 1.145258E+01
8.738185E+00 2.595355E-01 1.138909E+01
8.888613E+00 2.641775E-01 1.133307E+01
9.041630E+00 2.688739E-01 1.127851E+01
9.197282E+00 2.735960E-01 1.122583E+01
9.355614E+00 2.783114E-01 1.117826E+01
9.516671E+00 2.829873E-01 1.113587E+01
9.680501E+00 2.876133E-01 1.109569E+01
9.847151E+00 2.921919E-01 1.105740E+01
1.001667E+01 2.967249E-01 1.102078E+01
1.018911E+01 3.012139E-01 1.098809E+01
1.036451E+01 3.056600E-01 1.095656E+01
1.054294E+01 3.100643E-01 1.092603E+01
1.072443E+01 3.144280E-01 1.089872E+01
1.090906E+01 3.187519E-01 1.087208E+01
1.109686E+01 3.230368E-01 1.084827E+01
1.128789E+01 3.272834E-01 1.082485E+01
1.148221E+01 3.314925E-01 1.080177E+01
1.167988E+01 3.356647E-01 1.077896E+01
1.188095E+01 3.398006E-01 1.075846E+01
1.208548E+01 3.439009E-01 1.074012E+01
1.229353E+01 3.479660E-01 1.071974E+01
1.250516E+01 3.519966E-01 1.070136E+01
1.272044E+01 3.559930E-01 1.068292E+01
1.293942E+01 3.599558E-01 1.066630E+01
1.316217E+01 3.638853E-01 1.064949E+01
1.338876E+01 3.677822E-01 1.063249E+01
1.361925E+01 3.716466E-01 1.061711E+01
1.385370E+01 3.754792E-01 1.060145E+01
1.409220E+01 3.792801E-01 1.058728E+01
1.433479E+01 3.830498E-01 1.057276E+01
1.458157E+01 3.867887E-01 1.055788E+01
1.483259E+01 3.904970E-01 1.054436E+01
1.508793E+01 3.941752E-01 1.052873E+01
1.534767E+01 3.978234E-01 1.051608E+01
1.561188E+01 4.014420E-01 1.050298E+01
1.588064E+01 4.050313E-01 1.048941E+01
1.615403E+01 4.085916E-01 1.047540E+01
1.643212E+01 4.121232E-01 1.046252E+01
1.671500E+01 4.156262E-01 1.044916E+01
1.700275E+01 4.191010E-01 1.043686E+01
1.729545E+01 4.225478E-01 1.042405E+01
1.759319E+01 4.259669E-01 1.041224E+01
1.789606E+01 4.293584E-01 1.039840E+01
1.820414E+01 4.327225E-01 1.038702E+01
1.851752E+01 4.360596E-01 1.037362E+01
1.883630E+01 4.393698E-01 1.036114E+01
1.916057E+01 4.426533E-01 1.034956E+01
1.949042E+01 4.459103E-01 1.033740E+01
1.982595E+01 4.491410E-01 1.032469E+01
2.016725E+01 4.523455E-01 1.031282E+01
2.051443E+01 4.555242E-01 1.030037E+01
2.086759E+01 4.586770E-01 1.028736E+01
2.122682E+01 4.618043E-01 1.027513E+01
2.159224E+01 4.649061E-01 1.026367E+01
2.196396E+01 4.679826E-01 1.025030E+01
2.234207E+01 4.710341E-01 1.023898E+01
2.272669E+01 4.740605E-01 1.022577E+01
2.311793E+01 4.770622E-01 1.021328E+01
2.351590E+01 4.800391E-01 1.020148E+01
2.392073E+01 4.829915E-01 1.018783E+01
2.433252E+01 4.859195E-01 1.017610E+01
2.475141E+01 4.888233E-01 1.016378E+01
2.517750E+01 4.917029E-01 1.015087E+01
2.561094E+01 4.945584E-01 1.013738E+01
2.605183E+01 4.973901E-01 1.012453E+01
2.650031E+01 5.001981E-01 1.011227E+01
2.695652E+01 5.029823E-01 1.009943E+01
2.742057E+01 5.057430E-01 1.008600E+01
2.789262E+01 5.084803E-01 1.007316E+01
2.837279E+01 5.111942E-01 1.005973E+01
2.886123E+01 5.138850E-01 1.004687E+01
2.935808E+01 5.165526E-01 1.003342E+01
2.986348E+01 5.191972E-01 1.002051E+01
3.037758E+01 5.218189E-01 1.000702E+01
3.090053E+01 5.244177E-01 9.994051E+00
3.143248E+01 5.269939E-01 9.980501E+00
3.197359E+01 5.295474E-01 9.966382E+00
3.252402E+01 5.320783E-01 9.952764E+00
3.308392E+01 5.345868E-01 9.938579E+00
3.365346E+01 5.370729E-01 9.924879E+00
3.423280E+01 5.395367E-01 9.911649E+00
3.482212E+01 5.419783E-01 9.897844E+00
3.542159E+01 5.443978E-01 9.883476E+00
3.603137E+01 5.467953E-01 9.869563E+00
3.665165E+01 5.491707E-01 9.855088E+00
3.728261E+01 5.515243E-01 9.841056E+00
3.792443E+01 5.538560E-01 9.826465E+00
3.857730E+01 5.561660E-01 9.812302E+00
3.924141E+01 5.584543E-01 9.797584E+00
3.991695E+01 5.607210E-01 9.783281E+00
4.060412E+01 5.629661E-01 9.768428E+00
4.130312E+01 5.651898E-01 9.753033E+00
4.201416E+01 5.673920E-01 9.738980E+00
4.273743E+01 5.695729E-01 9.723445E+00
4.347316E+01 5.717325E-01 9.708304E+00
4.422155E+01 5.738709E-01 9.693544E+00
4.498282E+01 5.759881E-01 9.678245E+00
4.575720E+01 5.780842E-01 9.663317E+00
4.654492E+01 5.801592E-01 9.647855E+00
4.734619E+01 5.822132E-01 9.632754E+00
4.816125E+01 5.842463E-01 9.617122E+00
4.899035E+01 5.862586E-01 9.601843E+00
4.983372E+01 5.882500E-01 9.586039E+00
5.069161E+01 5.902206E-01 9.570578E+00
5.156427E+01 5.921705E-01 9.554596E+00
5.245195E+01 5.940997E-01 9.538950E+00
5.335491E+01 5.960083E-01 9.522788E+00
5.427341E+01 5.978963E-01 9.506953E+00
5.520773E+01 5.997638E-01 9.491435E+00
5.615813E+01 6.016108E-01 9.475403E+00
5.712490E+01 6.034374E-01 9.458865E+00
5.810830E+01 6.052436E-01 9.442640E+00
5.910864E+01 6.070294E-01 9.426718E+00
6.012620E+01 6.087950E-01 9.410292E+00
6.116127E+01 6.105403E-01 9.393372E+00
6.221416E+01 6.122654E-01 9.377536E+00
6.328518E+01 6.139704E-01 9.360420E+00
6.437464E+01 6.156552E-01 9.344370E+00
6.548285E+01 6.173200E-01 9.327057E+00
6.661014E+01 6.189648E-01 9.310793E+00
6.775683E+01 6.205895E-01 9.294040E+00
6.892327E+01 6.221943E-01 9.276806E+00
7.010978E+01 6.237792E-01 9.259845E+00
7.131672E+01 6.253443E-01 9.243149E+00
7.254444E+01 6.268895E-01 9.225975E+00
7.379330E+01 6.284149E-01 9.209062E+00
7.506365E+01 6.299206E-01 9.191676E+00
7.635587E+01 6.314065E-01 9.174546E+00
7.767034E+01 6.328729E-01 9.157665E+00
7.900744E+01 6.343195E-01 9.140315E+00
8.036755E+01 6.357466E-01 9.122506E+00
8.175108E+01 6.371541E-01 9.104943E+00
8.315843E+01 6.385421E-01 9.087620E+00
8.459000E+01 6.399107E-01 9.069842E+00
8.604622E+01 6.412598E-01 9.052299E+00
8.752751E+01 6.425895E-01 9.034987E+00
8.903430E+01 6.438998E-01 9.017222E+00
9.056703E+01 6.451908E-01 8.999684E+00
9.212614E+01 6.464625E-01 8.981701E+00
9.371209E+01 6.477150E-01 8.963940E+00
9.532535E+01 6.489483E-01 8.945740E+00
9.696638E+01 6.501623E-01 8.927760E+00
9.863565E+01 6.513573E-01 8.909995E+00
1.003337E+02 6.525331E-01 8.891794E+00
1.020609E+02 6.536899E-01 8.873805E+00
1.038179E+02 6.548276E-01 8.856021E+00
1.056051E+02 6.559463E-01 8.837808E+00
1.074231E+02 6.570461E-01 8.819173E+00
1.092724E+02 6.581270E-01 8.801366E+00
1.111535E+02 6.591890E-01 8.783133E+00
1.130670E+02 6.602321E-01 8.764484E+00
1.150135E+02 6.612565E-01 8.746034E+00
1.169935E+02 6.622620E-01 8.727778E+00
1.190075E+02 6.632489E-01 8.709710E+00
1.210562E+02 6.642170E-01 8.691229E+00
1.231402E+02 6.651665E-01 8.672344E+00
1.252601E+02 6.660974E-01 8.654237E+00
1.274164E+02 6.670097E-01 8.635138E+00
1.296099E+02 6.679035E-01 8.616808E+00
1.318411E+02 6.687788E-01 8.598078E+00
1.341108E+02 6.696356E-01 8.579527E+00
1.364195E+02 6.704740E-01 8.560582E+00
1.387680E+02 6.712940E-01 8.542381E+00
1.411569E+02 6.720957E-01 8.523222E+00
1.435869E+02 6.728791E-01 8.504799E+00
1.460587E+02 6.736443E-01 8.485986E+00
1.485731E+02 6.743912E-01 8.466791E+00
1.511308E+02 6.751199E-01 8.448315E+00
1.537326E+02 6.758306E-01 8.429457E+00
1.563791E+02 6.765231E-01 8.410222E+00
1.590711E+02 6.771976E-01 8.391690E+00
1.618095E+02 6.778540E-01 8.372249E+00
1.645951E+02 6.784926E-01 8.353503E+00
1.674286E+02 6.791132E-01 8.334387E+00
1.703109E+02 6.797159E-01 8.315430E+00
1.732428E+02 6.803008E-01 8.296629E+00
1.762252E+02 6.808679E-01 8.277463E+00
1.792589E+02 6.814173E-01 8.258451E+00
1.823448E+02 6.819490E-01 8.239082E+00
1.854839E+02 6.824630E-01 8.220374E+00
1.886770E+02 6.829595E-01 8.201308E+00
1.919251E+02 6.834384E-01 8.181890E+00
1.952291E+02 6.838998E-01 8.163121E+00
1.985900E+02 6.843438E-01 8.143505E+00
2.020087E+02 6.847703E-01 8.124532E+00
2.054863E+02 6.851795E-01 8.105213E+00
2.090237E+02 6.855714E-01 8.086039E+00
2.126221E+02 6.859460E-01 8.067008E+00
2.162824E+02 6.863034E-01 8.047637E+00
2.200057E+02 6.866437E-01 8.028884E+00
2.237931E+02 6.869669E-01 8.009320E+00
2.276457E+02 6.872730E-01 7.990368E+00
2.315646E+02 6.875621E-01 7.971083E+00
2.355510E+02 6.878343E-01 7.951936E+00
2.396060E+02 6.880896E-01 7.932463E+00
2.437309E+02 6.883280E-01 7.913127E+00
2.479267E+02 6.885497E-01 7.893927E+00
2.521947E+02 6.887547E-01 7.874858E+00
2.565363E+02 6.889430E-01 7.855471E+00
2.609526E+02 6.891147E-01 7.836217E+00
2.654449E+02 6.892698E-01 7.817093E+00
2.700145E+02 6.894085E-01 7.797657E+00
2.746628E+02 6.895307E-01 7.778790E+00
2.793911E+02 6.896365E-01 7.759176E+00
2.842009E+02 6.897261E-01 7.740127E+00
2.890934E+02 6.897993E-01 7.720772E+00
2.940701E+02 6.898564E-01 7.701545E+00
2.991326E+02 6.898974E-01 7.682444E+00
3.042821E+02 6.899223E-01 7.663043E+00
3.095204E+02 6.899311E-01 7.644190E+00
3.148488E+02 6.899241E-01 7.624620E+00
3.202689E+02 6.899012E-01 7.605593E+00
3.257823E+02 6.898624E-01 7.586273E+00
3.313907E+02 6.898079E-01 7.567077E+00
3.370956E+02 6.897378E-01 7.548003E+00
3.428987E+02 6.896520E-01 7.529049E+00
3.488017E+02 6.895507E-01 7.509810E+00
3.548063E+02 6.894339E-01 7.490691E+00
3.609143E+02 6.893017E-01 7.471293E+00
3.671275E+02 6.891542E-01 7.452414E+00
3.734476E+02 6.889914E-01 7.433257E+00
3.798765E+02 6.888134E-01 7.414218E+00
3.864161E+02 6.886202E-01 7.395297E+00
3.930682E+02 6.884121E-01 7.376103E+00
3.998349E+02 6.881889E-01 7.357028E+00
4.067181E+02 6.879508E-01 7.338071E+00
4.137197E+02 6.876979E-01 7.318847E+00
4.208419E+02 6.874303E-01 7.300121E+00
4.280867E+02 6.871479E-01 7.281131E+00
4.354563E+02 6.868510E-01 7.262256E+00
4.429526E+02 6.865395E-01 7.243122E+00
4.505781E+02 6.862136E-01 7.224105E+00
4.583348E+02 6.858733E-01 7.205572E+00
4.662250E+02 6.855187E-01 7.186417E+00
4.742511E+02 6.851498E-01 7.167742E+00
4.824154E+02 6.847669E-01 7.148817E+00
4.907201E+02 6.843698E-01 7.130006E+00
4.991679E+02 6.839588E-01 7.111308E+00
5.077611E+02 6.835339E-01 7.092722E+00
5.165022E+02 6.830952E-01 7.073892E+00
5.253938E+02 6.826428E-01 7.055175E+00
5.344385E+02 6.821766E-01 7.036571E+00
5.436388E+02 6.816970E-01 7.017729E+00
5.529976E+02 6.812038E-01 6.999348E+00
5.625175E+02 6.806973E-01 6.980731E+00
5.722012E+02 6.801774E-01 6.962225E+00
5.820517E+02 6.796443E-01 6.943488E+00
5.920717E+02 6.790981E-01 6.925205E+00
6.022642E+02 6.785388E-01 6.906692E+00
6.126322E+02 6.779665E-01 6.888291E+00
6.231787E+02 6.773814E-01 6.869665E+00
6.339067E+02 6.767835E-01 6.851485E+00
6.448195E+02 6.761729E-01 6.833083E+00
6.559200E+02 6.755496E-01 6.814792E+00
6.672117E+02 6.749139E-01 6.796610E+00
6.786978E+02 6.742657E-01 6.778213E+00
6.903816E+02 6.736052E-01 6.760251E+00
7.022665E+02 6.729324E-01 6.742075E+00
7.143561E+02 6.722475E-01 6.723688E+00
7.266537E+02 6.715505E-01 6.705733E+00
7.391631E+02 6.708416E-01 6.687569E+00
7.518878E+02 6.701207E-01 6.669517E+00
7.648316E+02 6.693881E-01 6.651574E+00
7.779981E+02 6.686438E-01 6.633742E+00
7.913914E+02 6.678880E-01 6.616018E+00
8.050152E+02 6.671206E-01 6.598093E+00
8.188736E+02 6.663418E-01 6.580279E+00
8.329705E+02 6.655517E-01 6.562574E+00
8.473101E+02 6.647504E-01 6.544674E+00
8.618966E+02 6.639380E-01 6.526886E+00
8.767341E+02 6.631146E-01 6.509209E+00
8.918271E+02 6.622803E-01 6.491642E+00
9.071800E+02 6.614352E-01 6.474186E+00
9.227971E+02 6.605793E-01 6.456540E+00
9.386831E+02 6.597128E-01 6.439304E+00
9.548425E+02 6.588359E-01 6.421880E+00
9.712801E+02 6.579485E-01 6.404273E+00
9.880008E+02 6.570507E-01 6.387072E+00
1.005009E+03 6.561428E-01 6.369688E+00
1.022310E+03 6.552247E-01 6.352417E+00
1.039910E+03 6.542967E-01 6.335258E+00
1.057812E+03 6.533587E-01 6.318209E+00
1.076022E+03 6.524109E-01 6.300985E+00
1.094546E+03 6.514534E-01 6.284159E+00
1.113388E+03 6.504862E-01 6.267158E+00
1.132555E+03 6.495096E-01 6.249987E+00
1.152052E+03 6.485236E-01 6.233212E+00
1.171885E+03 6.475283E-01 6.216268E+00
1.192059E+03 6.465238E-01 6.199436E+00
1.212580E+03 6.455102E-01 6.182718E+00
1.233455E+03 6.444876E-01 6.166113E+00
1.254689E+03 6.434561E-01 6.149344E+00
1.276288E+03 6.424158E-01 6.132964E+00
1.298260E+03 6.413669E-01 6.116423E+00
1.320609E+03 6.403094E-01 6.099723E+00
1.343343E+03 6.392434E-01 6.083410E+00
1.366469E+03 6.381691E-01 6.066941E+00
1.389993E+03 6.370865E-01 6.050586E+00
1.413922E+03 6.359958E-01 6.034346E+00
1.438262E+03 6.348970E-01 6.018221E+00
1.463022E+03 6.337903E-01 6.001945E+00
1.488208E+03 6.326758E-01 5.986050E+00
1.513828E+03 6.315535E-01 5.970005E+00
1.539888E+03 6.304236E-01 5.954076E+00
1.566397E+03 6.292863E-01 5.938002E+00
1.593363E+03 6.281415E-01 5.922045E+00
1.620793E+03 6.269894E-01 5.906465E+00
1.648695E+03 6.258301E-01 5.890741E+00
1.677077E+03 6.246637E-01 5.874878E+00
1.705948E+03 6.234903E-01 5.859389E+00
1.735316E+03 6.223101E-01 5.843762E+00
1.765189E+03 6.211231E-01 5.828254E+00
1.795577E+03 6.199295E-01 5.812864E+00
1.826488E+03 6.187292E-01 5.797339E+00
1.857931E+03 6.175226E-01 5.782186E+00
1.889915E+03 6.163096E-01 5.766901E+00
1.922450E+03 6.150904E-01 5.751735E+00
1.955545E+03 6.138650E-01 5.736441E+00
1.989210E+03 6.126337E-01 5.721515E+00
2.023454E+03 6.113964E-01 5.706462E+00
2.058288E+03 6.101533E-01 5.691531E+00
2.093722E+03 6.089046E-01 5.676475E+00
2.129765E+03 6.076502E-01 5.661787E+00
2.166429E+03 6.063904E-01 5.646976E+00
2.203724E+03 6.051251E-01 5.632287E+00
2.241661E+03 6.038546E-01 5.617721E+00
2.280252E+03 6.025790E-01 5.603278E+00
2.319506E+03 6.012983E-01 5.588718E+00
2.359437E+03 6.000126E-01 5.574281E+00
2.400054E+03 5.987221E-01 5.559969E+00
2.441371E+03 5.974269E-01 5.545781E+00
2.483400E+03 5.961270E-01 5.531480E+00
2.526151E+03 5.948226E-01 5.517305E+00
2.569639E+03 5.935137E-01 5.503256E+00
2.613876E+03 5.922006E-01 5.489332E+00
2.658874E+03 5.908833E-01 5.475301E+00
2.704646E+03 5.895618E-01 5.461396E+00
2.751207E+03 5.882364E-01 5.447619E+00
2.798569E+03 5.869070E-01 5.433970E+00
2.846746E+03 5.855739E-01 5.420217E+00
2.895753E+03 5.842371E-01 5.406593E+00
2.945603E+03 5.828967E-01 5.393098E+00
2.996312E+03 5.815528E-01 5.379732E+00
3.047894E+03 5.802056E-01 5.366495E+00
3.100363E+03 5.788551E-01 5.353160E+00
3.153736E+03 5.775014E-01 5.339956E+00
3.208028E+03 5.761447E-01 5.326655E+00
3.263254E+03 5.747850E-01 5.313714E+00
3.319431E+03 5.734224E-01 5.300678E+00
3.376575E+03 5.720571E-01 5.287774E+00
3.434703E+03 5.706892E-01 5.275004E+00
3.493831E+03 5.693187E-01 5.262142E+00
3.553978E+03 5.679458E-01 5.249414E+00
3.615159E+03 5.665705E-01 5.236821E+00
3.677395E+03 5.651930E-01 5.224363E+00
3.740701E+03 5.638134E-01 5.211818E+00
3.805097E+03 5.624317E-01 5.199408E+00
3.870602E+03 5.610481E-01 5.187135E+00
3.937235E+03 5.596626E-01 5.174999E+00
4.005014E+03 5.582754E-01 5.162779E+00
4.073961E+03 5.568866E-01 5.150698E+00
4.144094E+03 5.554962E-01 5.138755E+00
4.215435E+03 5.541044E-01 5.126731E+00
4.288003E+03 5.527113E-01 5.114848E+00
4.361821E+03 5.513169E-01 5.103104E+00
4.436910E+03 5.499214E-01 5.091501E+00
4.513292E+03 5.485248E-01 5.079822E+00
4.590988E+03 5.471273E-01 5.068284E+00
4.670022E+03 5.457290E-01 5.056889E+00
4.750417E+03 5.443299E-01 5.045635E+00
4.832195E+03 5.429301E-01 5.034310E+00
4.915382E+03 5.415298E-01 5.023128E+00
5.000000E+03 5.401291E-01 5.012090E+00
