1.000000E+02 1.190639E+00 1.038213E+01
1.023531E+02 1.199350E+00 1.037329E+01
1.047616E+02 1.208018E+00 1.036372E+01
1.072267E+02 1.216642E+00 1.035422E+01
1.097499E+02 1.225219E+00 1.034476E+01
1.123324E+02 1.233748E+00 1.033456E+01
1.149757E+02 1.242228E+00 1.032437E+01
1.176812E+02 1.250657E+00 1.031382E+01
1.204504E+02 1.259032E+00 1.030327E+01
1.232847E+02 1.267352E+00 1.029233E+01
1.261857E+02 1.275616E+00 1.028136E+01
1.291550E+02 1.283822E+00 1.026999E+01
1.321941E+02 1.291967E+00 1.025821E+01
1.353048E+02 1.300051E+00 1.024638E+01
1.384886E+02 1.308072E+00 1.023448E+01
1.417474E+02 1.316028E+00 1.022216E+01
1.450829E+02 1.323917E+00 1.020974E+01
1.484968E+02 1.331738E+00 1.019722E+01
1.519911E+02 1.339489E+00 1.018427E+01
1.555676E+02 1.347169E+00 1.017120E+01
1.592283E+02 1.354775E+00 1.015799E+01
1.629751E+02 1.362308E+00 1.014435E+01
1.668101E+02 1.369764E+00 1.013056E+01
1.707353E+02 1.377143E+00 1.011662E+01
1.747528E+02 1.384444E+00 1.010252E+01
1.788650E+02 1.391664E+00 1.008826E+01
1.830738E+02 1.398802E+00 1.007354E+01
1.873817E+02 1.405857E+00 1.005893E+01
1.917910E+02 1.412828E+00 1.004385E+01
1.963041E+02 1.419713E+00 1.002858E+01
2.009233E+02 1.426512E+00 1.001340E+01
2.056512E+02 1.433222E+00 9.997749E+00
2.104904E+02 1.439842E+00 9.981894E+00
2.154435E+02 1.446372E+00 9.966100E+00
2.205131E+02 1.452810E+00 9.949829E+00
2.257020E+02 1.459155E+00 9.933604E+00
2.310130E+02 1.465407E+00 9.916903E+00
2.364489E+02 1.471563E+00 9.900236E+00
2.420128E+02 1.477623E+00 9.883343E+00
2.477076E+02 1.483585E+00 9.866221E+00
2.535364E+02 1.489450E+00 9.849113E+00
2.595024E+02 1.495216E+00 9.831527E+00
2.656088E+02 1.500883E+00 9.813947E+00
2.718588E+02 1.506448E+00 9.796128E+00
2.782559E+02 1.511912E+00 9.778070E+00
2.848036E+02 1.517274E+00 9.760003E+00
2.915053E+02 1.522533E+00 9.741692E+00
2.983647E+02 1.527689E+00 9.723137E+00
3.053856E+02 1.532740E+00 9.704563E+00
3.125716E+02 1.537687E+00 9.685741E+00
3.199267E+02 1.542528E+00 9.666890E+00
3.274549E+02 1.547263E+00 9.647792E+00
3.351603E+02 1.551892E+00 9.628446E+00
3.430469E+02 1.556414E+00 9.609064E+00
3.511192E+02 1.560828E+00 9.589435E+00
3.593814E+02 1.565136E+00 9.569767E+00
3.678380E+02 1.569335E+00 9.550055E+00
3.764936E+02 1.573426E+00 9.530094E+00
3.853529E+02 1.577408E+00 9.509888E+00
3.944206E+02 1.581282E+00 9.489636E+00
4.037017E+02 1.585046E+00 9.469336E+00
4.132012E+02 1.588702E+00 9.448791E+00
4.229243E+02 1.592249E+00 9.428198E+00
4.328761E+02 1.595687E+00 9.407364E+00
4.430621E+02 1.599015E+00 9.386481E+00
4.534879E+02 1.602234E+00 9.365546E+00
4.641589E+02 1.605344E+00 9.344558E+00
4.750810E+02 1.608346E+00 9.323336E+00
4.862602E+02 1.611238E+00 9.301885E+00
4.977024E+02 1.614021E+00 9.280561E+00
5.094138E+02 1.616696E+00 9.259011E+00
5.214008E+02 1.619263E+00 9.237411E+00
5.336699E+02 1.621722E+00 9.215760E+00
5.462277E+02 1.624073E+00 9.193892E+00
5.590810E+02 1.626317E+00 9.171977E+00
5.722368E+02 1.628454E+00 9.150017E+00
5.857021E+02 1.630484E+00 9.128011E+00
5.994843E+02 1.632408E+00 9.105961E+00
6.135907E+02 1.634226E+00 9.083707E+00
6.280291E+02 1.635940E+00 9.061412E+00
6.428073E+02 1.637548E+00 9.039079E+00
6.579332E+02 1.639053E+00 9.016553E+00
6.734151E+02 1.640454E+00 8.994148E+00
6.892612E+02 1.641752E+00 8.971556E+00
7.054802E+02 1.642947E+00 8.948935E+00
7.220809E+02 1.644042E+00 8.926284E+00
7.390722E+02 1.645035E+00 8.903608E+00
7.564633E+02 1.645928E+00 8.880907E+00
7.742637E+02 1.646722E+00 8.858038E+00
7.924829E+02 1.647417E+00 8.835296E+00
8.111308E+02 1.648014E+00 8.812393E+00
8.302176E+02 1.648515E+00 8.789476E+00
8.497534E+02 1.648919E+00 8.766549E+00
8.697490E+02 1.649228E+00 8.743475E+00
8.902151E+02 1.649442E+00 8.720535E+00
9.111628E+02 1.649563E+00 8.697456E+00
9.326033E+02 1.649591E+00 8.674379E+00
9.545485E+02 1.649527E+00 8.651306E+00
9.770100E+02 1.649373E+00 8.628241E+00
1.000000E+03 1.649129E+00 8.605186E+00
