2.000000E+01 4.036891E-01 9.841645E+00
2.080613E+01 4.235541E-01 9.810213E+00
2.164475E+01 4.456234E-01 9.790599E+00
2.251718E+01 4.701675E-01 9.783602E+00
2.342477E+01 4.974688E-01 9.788897E+00
2.436894E+01 5.278062E-01 9.808488E+00
2.535116E+01 5.614318E-01 9.844011E+00
2.637298E+01 5.985338E-01 9.895779E+00
2.743598E+01 6.391838E-01 9.962147E+00
2.854183E+01 6.832674E-01 1.004468E+01
2.969225E+01 7.304009E-01 1.014019E+01
3.088904E+01 7.798469E-01 1.024601E+01
3.213407E+01 8.304535E-01 1.035829E+01
3.342928E+01 8.807005E-01 1.047163E+01
3.477670E+01 9.298435E-01 1.058358E+01
3.617843E+01 9.780413E-01 1.069225E+01
3.763665E+01 1.025417E+00 1.079841E+01
3.915366E+01 1.072053E+00 1.090120E+01
4.073180E+01 1.118008E+00 1.100044E+01
4.237356E+01 1.163325E+00 1.109650E+01
4.408149E+01 1.208034E+00 1.118927E+01
4.585826E+01 1.252158E+00 1.127912E+01
4.770665E+01 1.295713E+00 1.136505E+01
4.962953E+01 1.338709E+00 1.144836E+01
5.162993E+01 1.381154E+00 1.152811E+01
5.371095E+01 1.423051E+00 1.160471E+01
5.587585E+01 1.464401E+00 1.167810E+01
5.812801E+01 1.505203E+00 1.174827E+01
6.047095E+01 1.545454E+00 1.181558E+01
6.290832E+01 1.585148E+00 1.187999E+01
6.544393E+01 1.624282E+00 1.194147E+01
6.808175E+01 1.662847E+00 1.199999E+01
7.082589E+01 1.700837E+00 1.205554E+01
7.368063E+01 1.738244E+00 1.210844E+01
7.665044E+01 1.775059E+00 1.215835E+01
7.973995E+01 1.811273E+00 1.220588E+01
8.295399E+01 1.846877E+00 1.225039E+01
8.629757E+01 1.881863E+00 1.229249E+01
8.977593E+01 1.916220E+00 1.233216E+01
9.339448E+01 1.949941E+00 1.236908E+01
9.715889E+01 1.983015E+00 1.240355E+01
1.010750E+02 2.015435E+00 1.243582E+01
1.051490E+02 2.047192E+00 1.246535E+01
1.093872E+02 2.078276E+00 1.249267E+01
1.137962E+02 2.108682E+00 1.251777E+01
1.183829E+02 2.138401E+00 1.254039E+01
1.231545E+02 2.167426E+00 1.256104E+01
1.281185E+02 2.195750E+00 1.257923E+01
1.332825E+02 2.223369E+00 1.259544E+01
1.386546E+02 2.250276E+00 1.260967E+01
1.442433E+02 2.276467E+00 1.262170E+01
1.500572E+02 2.301937E+00 1.263176E+01
1.561055E+02 2.326682E+00 1.263966E+01
1.623976E+02 2.350701E+00 1.264583E+01
1.689433E+02 2.373990E+00 1.265007E+01
1.757528E+02 2.396548E+00 1.265260E+01
1.828368E+02 2.418373E+00 1.265323E+01
1.902063E+02 2.439466E+00 1.265200E+01
1.978728E+02 2.459827E+00 1.264929E+01
2.058484E+02 2.479456E+00 1.264476E+01
2.141454E+02 2.498355E+00 1.263862E+01
2.227769E+02 2.516527E+00 1.263088E+01
2.317562E+02 2.533974E+00 1.262159E+01
2.410975E+02 2.550700E+00 1.261093E+01
2.508153E+02 2.566709E+00 1.259876E+01
2.609248E+02 2.582006E+00 1.258512E+01
2.714418E+02 2.596595E+00 1.257020E+01
2.823826E+02 2.610483E+00 1.255387E+01
2.937645E+02 2.623677E+00 1.253632E+01
3.056051E+02 2.636182E+00 1.251743E+01
3.179230E+02 2.648007E+00 1.249740E+01
3.307373E+02 2.659160E+00 1.247625E+01
3.440682E+02 2.669648E+00 1.245401E+01
3.579364E+02 2.679481E+00 1.243060E+01
3.723636E+02 2.688668E+00 1.240617E+01
3.873722E+02 2.697218E+00 1.238079E+01
4.029858E+02 2.705142E+00 1.235434E+01
4.192288E+02 2.712450E+00 1.232714E+01
4.361264E+02 2.719152E+00 1.229895E+01
4.537052E+02 2.725259E+00 1.226984E+01
4.719924E+02 2.730783E+00 1.224009E+01
4.910168E+02 2.735735E+00 1.220948E+01
5.108080E+02 2.740127E+00 1.217820E+01
5.313969E+02 2.743970E+00 1.214616E+01
5.528156E+02 2.747277E+00 1.211352E+01
5.750977E+02 2.750060E+00 1.208020E+01
5.982779E+02 2.752331E+00 1.204638E+01
6.223923E+02 2.754103E+00 1.201185E+01
6.474788E+02 2.755388E+00 1.197690E+01
6.735764E+02 2.756198E+00 1.194156E+01
7.007259E+02 2.756548E+00 1.190565E+01
7.289697E+02 2.756448E+00 1.186934E+01
7.583519E+02 2.755913E+00 1.183266E+01
7.889185E+02 2.754954E+00 1.179555E+01
8.207170E+02 2.753585E+00 1.175816E+01
8.537972E+02 2.751818E+00 1.172053E+01
8.882108E+02 2.749666E+00 1.168260E+01
9.240115E+02 2.747141E+00 1.164441E+01
9.612552E+02 2.744256E+00 1.160602E+01
1.000000E+03 2.741024E+00 1.156745E+01
