3.000000E+02 2.630409E+00 1.252648E+01
3.159106E+02 2.646153E+00 1.250073E+01
3.326650E+02 2.660744E+00 1.247301E+01
3.503080E+02 2.674201E+00 1.244337E+01
3.688866E+02 2.686545E+00 1.241205E+01
3.884506E+02 2.697796E+00 1.237886E+01
4.090522E+02 2.707977E+00 1.234416E+01
4.307464E+02 2.717111E+00 1.230790E+01
4.535912E+02 2.725222E+00 1.227004E+01
4.776475E+02 2.732335E+00 1.223094E+01
5.029797E+02 2.738476E+00 1.219044E+01
5.296553E+02 2.743671E+00 1.214888E+01
5.577457E+02 2.747948E+00 1.210611E+01
5.873259E+02 2.751332E+00 1.206224E+01
6.184749E+02 2.753853E+00 1.201747E+01
6.512759E+02 2.755537E+00 1.197178E+01
6.858165E+02 2.756414E+00 1.192517E+01
7.221889E+02 2.756512E+00 1.187795E+01
7.604904E+02 2.755858E+00 1.183000E+01
8.008232E+02 2.754483E+00 1.178142E+01
8.432951E+02 2.752413E+00 1.173231E+01
8.880195E+02 2.749679E+00 1.168275E+01
9.351159E+02 2.746306E+00 1.163276E+01
9.847100E+02 2.742325E+00 1.158251E+01
1.036934E+03 2.737762E+00 1.153191E+01
1.091928E+03 2.732646E+00 1.148104E+01
1.149839E+03 2.727002E+00 1.143002E+01
1.210821E+03 2.720859E+00 1.137891E+01
1.275037E+03 2.714242E+00 1.132773E+01
1.342659E+03 2.707178E+00 1.127656E+01
1.413868E+03 2.699693E+00 1.122549E+01
1.488852E+03 2.691810E+00 1.117442E+01
1.567814E+03 2.683556E+00 1.112362E+01
1.650964E+03 2.674954E+00 1.107290E+01
1.738523E+03 2.666029E+00 1.102245E+01
1.830726E+03 2.656802E+00 1.097233E+01
1.927819E+03 2.647298E+00 1.092246E+01
2.030061E+03 2.637537E+00 1.087301E+01
2.137726E+03 2.627542E+00 1.082395E+01
2.251101E+03 2.617334E+00 1.077538E+01
2.370489E+03 2.606933E+00 1.072728E+01
2.496208E+03 2.596359E+00 1.067963E+01
2.628595E+03 2.585632E+00 1.063260E+01
2.768004E+03 2.574770E+00 1.058617E+01
2.914806E+03 2.563792E+00 1.054032E+01
3.069393E+03 2.552717E+00 1.049505E+01
3.232179E+03 2.541560E+00 1.045057E+01
3.403599E+03 2.530339E+00 1.040671E+01
3.584109E+03 2.519070E+00 1.036362E+01
3.774194E+03 2.507769E+00 1.032126E+01
3.974359E+03 2.496451E+00 1.027962E+01
4.185140E+03 2.485131E+00 1.023884E+01
4.407100E+03 2.473823E+00 1.019890E+01
4.640832E+03 2.462541E+00 1.015975E+01
4.886960E+03 2.451298E+00 1.012154E+01
5.146141E+03 2.440107E+00 1.008408E+01
5.419068E+03 2.428980E+00 1.004757E+01
5.706470E+03 2.417930E+00 1.001199E+01
6.009114E+03 2.406967E+00 9.977295E+00
6.327809E+03 2.396103E+00 9.943530E+00
6.663406E+03 2.385347E+00 9.910739E+00
7.016801E+03 2.374711E+00 9.878882E+00
7.388939E+03 2.364203E+00 9.847997E+00
7.780813E+03 2.353834E+00 9.818121E+00
8.193471E+03 2.343611E+00 9.789128E+00
8.628014E+03 2.333543E+00 9.761214E+00
9.085603E+03 2.323639E+00 9.734166E+00
9.567460E+03 2.313905E+00 9.708179E+00
1.007487E+04 2.304348E+00 9.683198E+00
1.060920E+04 2.294976E+00 9.659170E+00
1.117186E+04 2.285795E+00 9.636201E+00
1.176436E+04 2.276811E+00 9.614150E+00
1.238829E+04 2.268029E+00 9.593121E+00
1.304530E+04 2.259454E+00 9.573052E+00
1.373716E+04 2.251091E+00 9.553961E+00
1.446572E+04 2.242945E+00 9.535866E+00
1.523291E+04 2.235018E+00 9.518696E+00
1.604079E+04 2.227316E+00 9.502551E+00
1.689152E+04 2.219841E+00 9.487272E+00
1.778737E+04 2.212595E+00 9.472956E+00
1.873073E+04 2.205581E+00 9.459610E+00
1.972411E+04 2.198802E+00 9.447071E+00
2.077019E+04 2.192258E+00 9.435517E+00
2.187174E+04 2.185951E+00 9.424779E+00
2.303171E+04 2.179882E+00 9.414946E+00
2.425321E+04 2.174052E+00 9.405933E+00
2.553948E+04 2.168459E+00 9.397739E+00
2.689398E+04 2.163105E+00 9.390364E+00
2.832030E+04 2.157989E+00 9.383804E+00
2.982228E+04 2.153109E+00 9.377968E+00
3.140391E+04 2.148464E+00 9.372938E+00
3.306943E+04 2.144052E+00 9.368621E+00
3.482327E+04 2.139873E+00 9.364918E+00
3.667013E+04 2.135922E+00 9.362001E+00
3.861495E+04 2.132198E+00 9.359681E+00
4.066290E+04 2.128697E+00 9.357946E+00
4.281947E+04 2.125417E+00 9.356878E+00
4.509041E+04 2.122354E+00 9.356374E+00
4.748179E+04 2.119503E+00 9.356420E+00
5.000000E+04 2.116861E+00 9.357004E+00
