1.000000E+01 2.361296E-01 1.142342E+01
1.048113E+01 2.420865E-01 1.127379E+01
1.098541E+01 2.484392E-01 1.113430E+01
1.151395E+01 2.552405E-01 1.099412E+01
1.206793E+01 2.625522E-01 1.086152E+01
1.264855E+01 2.704458E-01 1.073504E+01
1.325711E+01 2.790050E-01 1.061092E+01
1.389495E+01 2.883279E-01 1.049336E+01
1.456348E+01 2.985289E-01 1.038118E+01
1.526418E+01 3.097430E-01 1.027769E+01
1.599859E+01 3.221282E-01 1.017959E+01
1.676833E+01 3.358706E-01 1.008996E+01
1.757511E+01 3.511886E-01 1.000786E+01
1.842070E+01 3.683381E-01 9.937627E+00
1.930698E+01 3.876169E-01 9.878217E+00
2.023590E+01 4.093692E-01 9.831939E+00
2.120951E+01 4.339867E-01 9.799539E+00
2.222996E+01 4.619053E-01 9.784372E+00
2.329952E+01 4.935928E-01 9.787019E+00
2.442053E+01 5.295206E-01 9.810311E+00
2.559548E+01 5.701125E-01 9.855538E+00
2.682696E+01 6.156574E-01 9.922690E+00
2.811769E+01 6.661781E-01 1.001134E+01
2.947052E+01 7.212544E-01 1.012097E+01
3.088844E+01 7.798220E-01 1.024609E+01
3.237458E+01 8.400110E-01 1.037988E+01
3.393222E+01 8.993928E-01 1.051459E+01
3.556480E+01 9.572830E-01 1.064535E+01
3.727594E+01 1.013942E+00 1.077252E+01
3.906940E+01 1.069529E+00 1.089549E+01
4.094915E+01 1.124148E+00 1.101336E+01
4.291934E+01 1.177870E+00 1.112695E+01
4.498433E+01 1.230745E+00 1.123601E+01
4.714866E+01 1.282804E+00 1.133997E+01
4.941713E+01 1.334069E+00 1.143919E+01
5.179475E+01 1.384554E+00 1.153446E+01
5.428675E+01 1.434264E+00 1.162484E+01
5.689866E+01 1.483200E+00 1.171070E+01
5.963623E+01 1.531358E+00 1.179238E+01
6.250552E+01 1.578734E+00 1.186983E+01
6.551286E+01 1.625316E+00 1.194301E+01
6.866488E+01 1.671096E+00 1.201223E+01
7.196857E+01 1.716059E+00 1.207711E+01
7.543120E+01 1.760192E+00 1.213831E+01
7.906043E+01 1.803481E+00 1.219577E+01
8.286428E+01 1.845910E+00 1.224946E+01
8.685114E+01 1.887465E+00 1.229907E+01
9.102982E+01 1.928130E+00 1.234546E+01
9.540955E+01 1.967889E+00 1.238804E+01
1.000000E+02 2.006728E+00 1.242735E+01
