2.000000E+03 6.122422E-01 5.716767E+00
2.008208E+03 6.119454E-01 5.713150E+00
2.016450E+03 6.116483E-01 5.709526E+00
2.024725E+03 6.113508E-01 5.705894E+00
2.033035E+03 6.110530E-01 5.702256E+00
2.041378E+03 6.107548E-01 5.698610E+00
2.049756E+03 6.104564E-01 5.695203E+00
2.058168E+03 6.101576E-01 5.691543E+00
2.066615E+03 6.098585E-01 5.687876E+00
2.075096E+03 6.095590E-01 5.684448E+00
2.083613E+03 6.092592E-01 5.680767E+00
2.092164E+03 6.089591E-01 5.677323E+00
2.100750E+03 6.086587E-01 5.673628E+00
2.109372E+03 6.083580E-01 5.670171E+00
2.118028E+03 6.080569E-01 5.666462E+00
2.126721E+03 6.077555E-01 5.662990E+00
2.135449E+03 6.074538E-01 5.659511E+00
2.144213E+03 6.071518E-01 5.656025E+00
2.153013E+03 6.068495E-01 5.652289E+00
2.161849E+03 6.065469E-01 5.648789E+00
2.170721E+03 6.062439E-01 5.645282E+00
2.179630E+03 6.059407E-01 5.641768E+00
2.188575E+03 6.056371E-01 5.638247E+00
2.197557E+03 6.053332E-01 5.634719E+00
2.206575E+03 6.050291E-01 5.631185E+00
2.215631E+03 6.047246E-01 5.627643E+00
2.224724E+03 6.044198E-01 5.624337E+00
2.233855E+03 6.041147E-01 5.620782E+00
2.243022E+03 6.038094E-01 5.617220E+00
2.252228E+03 6.035037E-01 5.613651E+00
2.261471E+03 6.031977E-01 5.610317E+00
2.270752E+03 6.028915E-01 5.606735E+00
2.280071E+03 6.025849E-01 5.603146E+00
2.289428E+03 6.022781E-01 5.599791E+00
2.298824E+03 6.019709E-01 5.596189E+00
2.308259E+03 6.016635E-01 5.592820E+00
2.317732E+03 6.013558E-01 5.589445E+00
2.327244E+03 6.010478E-01 5.585823E+00
2.336795E+03 6.007395E-01 5.582434E+00
2.346385E+03 6.004310E-01 5.579039E+00
2.356015E+03 6.001221E-01 5.575397E+00
2.365684E+03 5.998130E-01 5.571988E+00
2.375392E+03 5.995036E-01 5.568573E+00
2.385141E+03 5.991939E-01 5.565151E+00
2.394930E+03 5.988840E-01 5.561722E+00
2.404759E+03 5.985737E-01 5.558287E+00
2.414628E+03 5.982632E-01 5.554845E+00
2.424537E+03 5.979525E-01 5.551397E+00
2.434488E+03 5.976414E-01 5.547942E+00
2.444479E+03 5.973301E-01 5.544718E+00
2.454511E+03 5.970186E-01 5.541251E+00
2.464584E+03 5.967067E-01 5.537776E+00
2.474699E+03 5.963946E-01 5.534296E+00
2.484855E+03 5.960823E-01 5.531046E+00
2.495053E+03 5.957697E-01 5.527552E+00
2.505293E+03 5.954568E-01 5.524289E+00
2.515574E+03 5.951436E-01 5.520783E+00
2.525898E+03 5.948302E-01 5.517507E+00
2.536265E+03 5.945166E-01 5.513989E+00
2.546674E+03 5.942027E-01 5.510700E+00
2.557125E+03 5.938885E-01 5.507169E+00
2.567620E+03 5.935741E-01 5.503868E+00
2.578157E+03 5.932595E-01 5.500560E+00
2.588738E+03 5.929446E-01 5.497245E+00
2.599362E+03 5.926294E-01 5.493690E+00
2.610030E+03 5.923141E-01 5.490363E+00
2.620741E+03 5.919984E-01 5.487030E+00
2.631497E+03 5.916825E-01 5.483691E+00
2.642297E+03 5.913664E-01 5.480345E+00
2.653141E+03 5.910501E-01 5.476994E+00
2.664029E+03 5.907335E-01 5.473636E+00
2.674962E+03 5.904167E-01 5.470506E+00
2.685940E+03 5.900996E-01 5.467136E+00
2.696963E+03 5.897823E-01 5.463759E+00
2.708032E+03 5.894648E-01 5.460377E+00
2.719146E+03 5.891470E-01 5.457222E+00
2.730305E+03 5.888291E-01 5.453827E+00
2.741510E+03 5.885109E-01 5.450427E+00
2.752761E+03 5.881924E-01 5.447253E+00
2.764059E+03 5.878738E-01 5.443841E+00
2.775402E+03 5.875549E-01 5.440655E+00
2.786793E+03 5.872358E-01 5.437231E+00
2.798230E+03 5.869165E-01 5.434033E+00
2.809714E+03 5.865969E-01 5.430829E+00
2.821245E+03 5.862772E-01 5.427387E+00
2.832823E+03 5.859572E-01 5.424171E+00
2.844449E+03 5.856370E-01 5.420949E+00
2.856123E+03 5.853166E-01 5.417721E+00
2.867844E+03 5.849960E-01 5.414487E+00
2.879614E+03 5.846752E-01 5.411247E+00
2.891432E+03 5.843542E-01 5.408002E+00
2.903298E+03 5.840329E-01 5.404750E+00
2.915213E+03 5.837115E-01 5.401493E+00
2.927177E+03 5.833899E-01 5.398229E+00
2.939191E+03 5.830680E-01 5.394960E+00
2.951253E+03 5.827460E-01 5.391686E+00
2.963365E+03 5.824237E-01 5.388405E+00
2.975527E+03 5.821013E-01 5.385119E+00
2.987738E+03 5.817787E-01 5.382057E+00
3.000000E+03 5.814558E-01 5.378759E+00
