2.000000E+01 4.035960E-01 9.841824E+00
2.066096E+01 4.197844E-01 9.816124E+00
2.134377E+01 4.374333E-01 9.796055E+00
2.204915E+01 4.566914E-01 9.785393E+00
2.277783E+01 4.777138E-01 9.783779E+00
2.353060E+01 5.006588E-01 9.789896E+00
2.430825E+01 5.256807E-01 9.806942E+00
2.511159E+01 5.529203E-01 9.834554E+00
2.594149E+01 5.824906E-01 9.871494E+00
2.679881E+01 6.144584E-01 9.920276E+00
2.768446E+01 6.488197E-01 9.979414E+00
2.859938E+01 6.854706E-01 1.004829E+01
2.954454E+01 7.241746E-01 1.012682E+01
3.052094E+01 7.645310E-01 1.021237E+01
3.152960E+01 8.059500E-01 1.030364E+01
3.257160E+01 8.476449E-01 1.039707E+01
3.364803E+01 8.887643E-01 1.049054E+01
3.476004E+01 9.291381E-01 1.058205E+01
3.590880E+01 9.688716E-01 1.067189E+01
3.709552E+01 1.008036E+00 1.075926E+01
3.832147E+01 1.046681E+00 1.084512E+01
3.958792E+01 1.084846E+00 1.092875E+01
4.089624E+01 1.122559E+00 1.101006E+01
4.224778E+01 1.159842E+00 1.108948E+01
4.364400E+01 1.196712E+00 1.116595E+01
4.508636E+01 1.233183E+00 1.124089E+01
4.657638E+01 1.269265E+00 1.131329E+01
4.811565E+01 1.304964E+00 1.138313E+01
4.970579E+01 1.340286E+00 1.145129E+01
5.134848E+01 1.375236E+00 1.151684E+01
5.304546E+01 1.409814E+00 1.158063E+01
5.479851E+01 1.444021E+00 1.164220E+01
5.660951E+01 1.477858E+00 1.170155E+01
5.848035E+01 1.511324E+00 1.175866E+01
6.041303E+01 1.544415E+00 1.181390E+01
6.240957E+01 1.577131E+00 1.186725E+01
6.447210E+01 1.609467E+00 1.191833E+01
6.660279E+01 1.641420E+00 1.196749E+01
6.880390E+01 1.672986E+00 1.201507E+01
7.107774E+01 1.704162E+00 1.206034E+01
7.342674E+01 1.734942E+00 1.210367E+01
7.585336E+01 1.765322E+00 1.214536E+01
7.836019E+01 1.795297E+00 1.218508E+01
8.094985E+01 1.824861E+00 1.222313E+01
8.362510E+01 1.854011E+00 1.225920E+01
8.638877E+01 1.882740E+00 1.229358E+01
8.924376E+01 1.911044E+00 1.232627E+01
9.219311E+01 1.938917E+00 1.235726E+01
9.523994E+01 1.966355E+00 1.238653E+01
9.838745E+01 1.993353E+00 1.241410E+01
1.016390E+02 2.019905E+00 1.243995E+01
1.049980E+02 2.046008E+00 1.246435E+01
1.084680E+02 2.071656E+00 1.248704E+01
1.120526E+02 2.096845E+00 1.250826E+01
1.157558E+02 2.121571E+00 1.252777E+01
1.195813E+02 2.145830E+00 1.254582E+01
1.235333E+02 2.169618E+00 1.256241E+01
1.276158E+02 2.192931E+00 1.257754E+01
1.318333E+02 2.215767E+00 1.259120E+01
1.361902E+02 2.238122E+00 1.260341E+01
1.406910E+02 2.259994E+00 1.261416E+01
1.453406E+02 2.281379E+00 1.262369E+01
1.501439E+02 2.302276E+00 1.263178E+01
1.551059E+02 2.322683E+00 1.263843E+01
1.602318E+02 2.342597E+00 1.264409E+01
1.655272E+02 2.362018E+00 1.264811E+01
1.709976E+02 2.380944E+00 1.265115E+01
1.766488E+02 2.399375E+00 1.265279E+01
1.824867E+02 2.417310E+00 1.265324E+01
1.885176E+02 2.434750E+00 1.265253E+01
1.947477E+02 2.451693E+00 1.265065E+01
2.011838E+02 2.468140E+00 1.264762E+01
2.078326E+02 2.484093E+00 1.264345E+01
2.147011E+02 2.499552E+00 1.263817E+01
2.217966E+02 2.514519E+00 1.263177E+01
2.291266E+02 2.528995E+00 1.262446E+01
2.366988E+02 2.542981E+00 1.261607E+01
2.445213E+02 2.556481E+00 1.260679E+01
2.526023E+02 2.569496E+00 1.259630E+01
2.609503E+02 2.582030E+00 1.258511E+01
2.695743E+02 2.594085E+00 1.257292E+01
2.784833E+02 2.605664E+00 1.255974E+01
2.876866E+02 2.616772E+00 1.254574E+01
2.971942E+02 2.627411E+00 1.253080E+01
3.070159E+02 2.637586E+00 1.251524E+01
3.171623E+02 2.647300E+00 1.249862E+01
3.276439E+02 2.656560E+00 1.248142E+01
3.384720E+02 2.665368E+00 1.246335E+01
3.496579E+02 2.673729E+00 1.244458E+01
3.612135E+02 2.681650E+00 1.242500E+01
3.731509E+02 2.689134E+00 1.240490E+01
3.854829E+02 2.696188E+00 1.238389E+01
3.982225E+02 2.702817E+00 1.236240E+01
4.113830E+02 2.709027E+00 1.234019E+01
4.249785E+02 2.714823E+00 1.231742E+01
4.390233E+02 2.720212E+00 1.229410E+01
4.535323E+02 2.725199E+00 1.227025E+01
4.685207E+02 2.729791E+00 1.224577E+01
4.840045E+02 2.733995E+00 1.222069E+01
5.000000E+02 2.737816E+00 1.219529E+01
