1.000000E+02 1.190639E+00 1.038213E+01
1.003231E+02 1.191850E+00 1.038113E+01
1.006472E+02 1.193059E+00 1.037970E+01
1.009723E+02 1.194268E+00 1.037864E+01
1.012985E+02 1.195476E+00 1.037716E+01
1.016257E+02 1.196683E+00 1.037604E+01
1.019540E+02 1.197890E+00 1.037490E+01
1.022834E+02 1.199095E+00 1.037332E+01
1.026138E+02 1.200300E+00 1.037212E+01
1.029453E+02 1.201504E+00 1.037088E+01
1.032779E+02 1.202707E+00 1.036962E+01
1.036115E+02 1.203910E+00 1.036833E+01
1.039463E+02 1.205111E+00 1.036701E+01
1.042821E+02 1.206312E+00 1.036565E+01
1.046190E+02 1.207511E+00 1.036427E+01
1.049569E+02 1.208710E+00 1.036326E+01
1.052960E+02 1.209908E+00 1.036182E+01
1.056362E+02 1.211106E+00 1.036035E+01
1.059774E+02 1.212302E+00 1.035925E+01
1.063198E+02 1.213497E+00 1.035773E+01
1.066633E+02 1.214692E+00 1.035656E+01
1.070078E+02 1.215886E+00 1.035537E+01
1.073535E+02 1.217079E+00 1.035376E+01
1.077003E+02 1.218270E+00 1.035251E+01
1.080483E+02 1.219462E+00 1.035123E+01
1.083973E+02 1.220652E+00 1.034992E+01
1.087475E+02 1.221841E+00 1.034858E+01
1.090988E+02 1.223029E+00 1.034722E+01
1.094513E+02 1.224217E+00 1.034582E+01
1.098048E+02 1.225403E+00 1.034439E+01
1.101596E+02 1.226589E+00 1.034294E+01
1.105154E+02 1.227773E+00 1.034146E+01
1.108725E+02 1.228957E+00 1.034033E+01
1.112306E+02 1.230140E+00 1.033879E+01
1.115900E+02 1.231322E+00 1.033760E+01
1.119505E+02 1.232502E+00 1.033601E+01
1.123121E+02 1.233682E+00 1.033476E+01
1.126750E+02 1.234861E+00 1.033311E+01
1.130390E+02 1.236039E+00 1.033180E+01
1.134041E+02 1.237217E+00 1.033047E+01
1.137705E+02 1.238393E+00 1.032911E+01
1.141380E+02 1.239568E+00 1.032772E+01
1.145068E+02 1.240742E+00 1.032630E+01
1.148767E+02 1.241915E+00 1.032485E+01
1.152478E+02 1.243087E+00 1.032337E+01
1.156201E+02 1.244258E+00 1.032187E+01
1.159936E+02 1.245429E+00 1.032033E+01
1.163683E+02 1.246598E+00 1.031914E+01
1.167443E+02 1.247766E+00 1.031755E+01
1.171214E+02 1.248933E+00 1.031593E+01
1.174998E+02 1.250099E+00 1.031466E+01
1.178794E+02 1.251264E+00 1.031298E+01
1.182602E+02 1.252428E+00 1.031165E+01
1.186422E+02 1.253592E+00 1.031028E+01
1.190255E+02 1.254754E+00 1.030889E+01
1.194100E+02 1.255915E+00 1.030710E+01
1.197958E+02 1.257075E+00 1.030565E+01
1.201828E+02 1.258234E+00 1.030418E+01
1.205710E+02 1.259391E+00 1.030267E+01
1.209605E+02 1.260548E+00 1.030114E+01
1.213513E+02 1.261704E+00 1.029994E+01
1.217433E+02 1.262859E+00 1.029834E+01
1.221366E+02 1.264012E+00 1.029673E+01
1.225312E+02 1.265165E+00 1.029508E+01
1.229270E+02 1.266316E+00 1.029376E+01
1.233242E+02 1.267467E+00 1.029206E+01
1.237226E+02 1.268616E+00 1.029069E+01
1.241223E+02 1.269764E+00 1.028929E+01
1.245232E+02 1.270911E+00 1.028750E+01
1.249255E+02 1.272057E+00 1.028604E+01
1.253291E+02 1.273202E+00 1.028456E+01
1.257340E+02 1.274346E+00 1.028304E+01
1.261402E+02 1.275488E+00 1.028150E+01
1.265477E+02 1.276630E+00 1.027993E+01
1.269565E+02 1.277770E+00 1.027833E+01
1.273666E+02 1.278910E+00 1.027671E+01
1.277781E+02 1.280048E+00 1.027505E+01
1.281909E+02 1.281185E+00 1.027372E+01
1.286050E+02 1.282321E+00 1.027201E+01
1.290205E+02 1.283455E+00 1.027028E+01
1.294373E+02 1.284589E+00 1.026886E+01
1.298554E+02 1.285721E+00 1.026707E+01
1.302749E+02 1.286853E+00 1.026560E+01
1.306958E+02 1.287983E+00 1.026410E+01
1.311180E+02 1.289112E+00 1.026257E+01
1.315416E+02 1.290239E+00 1.026067E+01
1.319665E+02 1.291366E+00 1.025909E+01
1.323928E+02 1.292491E+00 1.025748E+01
1.328205E+02 1.293616E+00 1.025584E+01
1.332496E+02 1.294739E+00 1.025417E+01
1.336801E+02 1.295860E+00 1.025282E+01
1.341119E+02 1.296981E+00 1.025110E+01
1.345452E+02 1.298100E+00 1.024935E+01
1.349799E+02 1.299219E+00 1.024791E+01
1.354159E+02 1.300336E+00 1.024611E+01
1.358534E+02 1.301451E+00 1.024462E+01
1.362923E+02 1.302566E+00 1.024276E+01
1.367326E+02 1.303679E+00 1.024121E+01
1.371743E+02 1.304791E+00 1.023964E+01
1.376174E+02 1.305902E+00 1.023770E+01
1.380620E+02 1.307012E+00 1.023607E+01
1.385080E+02 1.308120E+00 1.023441E+01
1.389555E+02 1.309227E+00 1.023273E+01
1.394044E+02 1.310333E+00 1.023101E+01
1.398547E+02 1.311438E+00 1.022927E+01
1.403065E+02 1.312541E+00 1.022784E+01
1.407598E+02 1.313643E+00 1.022605E+01
1.412145E+02 1.314744E+00 1.022423E+01
1.416707E+02 1.315843E+00 1.022271E+01
1.421284E+02 1.316942E+00 1.022083E+01
1.425875E+02 1.318038E+00 1.021926E+01
1.430482E+02 1.319134E+00 1.021733E+01
1.435103E+02 1.320228E+00 1.021571E+01
1.439739E+02 1.321322E+00 1.021405E+01
1.444390E+02 1.322413E+00 1.021237E+01
1.449056E+02 1.323504E+00 1.021066E+01
1.453738E+02 1.324593E+00 1.020893E+01
1.458434E+02 1.325681E+00 1.020717E+01
1.463145E+02 1.326767E+00 1.020538E+01
1.467872E+02 1.327853E+00 1.020356E+01
1.472614E+02 1.328936E+00 1.020171E+01
1.477372E+02 1.330019E+00 1.020017E+01
1.482144E+02 1.331100E+00 1.019827E+01
1.486932E+02 1.332180E+00 1.019635E+01
1.491736E+02 1.333259E+00 1.019472E+01
1.496555E+02 1.334336E+00 1.019306E+01
1.501390E+02 1.335412E+00 1.019106E+01
1.506240E+02 1.336486E+00 1.018935E+01
1.511106E+02 1.337559E+00 1.018761E+01
1.515988E+02 1.338631E+00 1.018585E+01
1.520885E+02 1.339701E+00 1.018406E+01
1.525798E+02 1.340770E+00 1.018224E+01
1.530727E+02 1.341838E+00 1.018040E+01
1.535673E+02 1.342904E+00 1.017853E+01
1.540634E+02 1.343969E+00 1.017663E+01
1.545611E+02 1.345032E+00 1.017502E+01
1.550604E+02 1.346095E+00 1.017307E+01
1.555613E+02 1.347155E+00 1.017141E+01
1.560639E+02 1.348214E+00 1.016941E+01
1.565680E+02 1.349272E+00 1.016769E+01
1.570738E+02 1.350329E+00 1.016564E+01
1.575813E+02 1.351384E+00 1.016387E+01
1.580903E+02 1.352437E+00 1.016207E+01
1.586010E+02 1.353490E+00 1.016025E+01
1.591134E+02 1.354540E+00 1.015840E+01
1.596274E+02 1.355590E+00 1.015653E+01
1.601431E+02 1.356638E+00 1.015462E+01
1.606605E+02 1.357684E+00 1.015269E+01
1.611795E+02 1.358729E+00 1.015074E+01
1.617002E+02 1.359773E+00 1.014907E+01
1.622225E+02 1.360815E+00 1.014706E+01
1.627466E+02 1.361856E+00 1.014534E+01
1.632724E+02 1.362895E+00 1.014327E+01
1.637998E+02 1.363933E+00 1.014150E+01
1.643290E+02 1.364969E+00 1.013969E+01
1.648599E+02 1.366004E+00 1.013755E+01
1.653924E+02 1.367037E+00 1.013569E+01
1.659268E+02 1.368069E+00 1.013381E+01
1.664628E+02 1.369099E+00 1.013190E+01
1.670005E+02 1.370128E+00 1.012996E+01
1.675400E+02 1.371156E+00 1.012800E+01
1.680813E+02 1.372182E+00 1.012601E+01
1.686243E+02 1.373206E+00 1.012430E+01
1.691690E+02 1.374229E+00 1.012225E+01
1.697155E+02 1.375250E+00 1.012049E+01
1.702638E+02 1.376270E+00 1.011839E+01
1.708139E+02 1.377289E+00 1.011658E+01
1.713657E+02 1.378306E+00 1.011443E+01
1.719193E+02 1.379321E+00 1.011256E+01
1.724747E+02 1.380335E+00 1.011066E+01
1.730319E+02 1.381347E+00 1.010874E+01
1.735908E+02 1.382358E+00 1.010679E+01
1.741516E+02 1.383367E+00 1.010481E+01
1.747142E+02 1.384375E+00 1.010281E+01
1.752786E+02 1.385381E+00 1.010078E+01
1.758449E+02 1.386386E+00 1.009873E+01
1.764130E+02 1.387389E+00 1.009665E+01
1.769829E+02 1.388390E+00 1.009484E+01
1.775546E+02 1.389390E+00 1.009270E+01
1.781282E+02 1.390388E+00 1.009084E+01
1.787037E+02 1.391385E+00 1.008866E+01
1.792810E+02 1.392380E+00 1.008675E+01
1.798602E+02 1.393374E+00 1.008481E+01
1.804412E+02 1.394366E+00 1.008284E+01
1.810241E+02 1.395357E+00 1.008085E+01
1.816089E+02 1.396346E+00 1.007883E+01
1.821956E+02 1.397333E+00 1.007678E+01
1.827842E+02 1.398319E+00 1.007471E+01
1.833747E+02 1.399303E+00 1.007262E+01
1.839671E+02 1.400286E+00 1.007050E+01
1.845614E+02 1.401266E+00 1.006864E+01
1.851576E+02 1.402246E+00 1.006647E+01
1.857558E+02 1.403224E+00 1.006456E+01
1.863559E+02 1.404200E+00 1.006234E+01
1.869579E+02 1.405174E+00 1.006038E+01
1.875619E+02 1.406147E+00 1.005839E+01
1.881678E+02 1.407118E+00 1.005609E+01
1.887757E+02 1.408088E+00 1.005406E+01
1.893855E+02 1.409056E+00 1.005199E+01
1.899974E+02 1.410022E+00 1.004991E+01
1.906111E+02 1.410987E+00 1.004779E+01
1.912269E+02 1.411950E+00 1.004594E+01
1.918447E+02 1.412912E+00 1.004377E+01
1.924644E+02 1.413871E+00 1.004158E+01
1.930862E+02 1.414830E+00 1.003965E+01
1.937100E+02 1.415786E+00 1.003741E+01
1.943358E+02 1.416741E+00 1.003543E+01
1.949636E+02 1.417694E+00 1.003314E+01
1.955934E+02 1.418646E+00 1.003110E+01
1.962253E+02 1.419595E+00 1.002904E+01
1.968592E+02 1.420544E+00 1.002696E+01
1.974952E+02 1.421490E+00 1.002485E+01
1.981332E+02 1.422435E+00 1.002271E+01
1.987732E+02 1.423378E+00 1.002055E+01
1.994154E+02 1.424319E+00 1.001836E+01
2.000596E+02 1.425259E+00 1.001615E+01
2.007059E+02 1.426197E+00 1.001419E+01
2.013543E+02 1.427134E+00 1.001193E+01
2.020048E+02 1.428068E+00 1.000965E+01
2.026574E+02 1.429001E+00 1.000761E+01
2.033121E+02 1.429932E+00 1.000555E+01
2.039689E+02 1.430862E+00 1.000319E+01
2.046278E+02 1.431790E+00 1.000108E+01
2.052888E+02 1.432716E+00 9.998948E+00
2.059520E+02 1.433640E+00 9.996787E+00
2.066174E+02 1.434563E+00 9.994602E+00
2.072849E+02 1.435484E+00 9.992392E+00
2.079545E+02 1.436403E+00 9.990158E+00
2.086263E+02 1.437321E+00 9.988169E+00
2.093003E+02 1.438237E+00 9.985885E+00
2.099764E+02 1.439151E+00 9.983577E+00
2.106548E+02 1.440063E+00 9.981513E+00
2.113353E+02 1.440973E+00 9.979156E+00
2.120180E+02 1.441882E+00 9.977043E+00
2.127029E+02 1.442789E+00 9.974905E+00
2.133901E+02 1.443695E+00 9.972741E+00
2.140795E+02 1.444598E+00 9.970287E+00
2.147710E+02 1.445500E+00 9.968075E+00
2.154649E+02 1.446400E+00 9.965838E+00
2.161609E+02 1.447298E+00 9.963843E+00
2.168593E+02 1.448195E+00 9.961557E+00
2.175598E+02 1.449089E+00 9.959247E+00
2.182627E+02 1.449982E+00 9.956913E+00
2.189678E+02 1.450873E+00 9.954819E+00
2.196751E+02 1.451763E+00 9.952436E+00
2.203848E+02 1.452650E+00 9.950292E+00
2.210968E+02 1.453536E+00 9.948124E+00
2.218110E+02 1.454420E+00 9.945669E+00
2.225276E+02 1.455302E+00 9.943452E+00
2.232465E+02 1.456183E+00 9.941210E+00
2.239677E+02 1.457061E+00 9.938944E+00
2.246912E+02 1.457938E+00 9.936655E+00
2.254171E+02 1.458813E+00 9.934341E+00
2.261453E+02 1.459687E+00 9.932262E+00
2.268759E+02 1.460558E+00 9.929899E+00
2.276088E+02 1.461427E+00 9.927513E+00
2.283441E+02 1.462295E+00 9.925361E+00
2.290818E+02 1.463161E+00 9.922927E+00
2.298218E+02 1.464025E+00 9.920726E+00
2.305643E+02 1.464888E+00 9.918502E+00
2.313091E+02 1.465748E+00 9.915996E+00
2.320564E+02 1.466607E+00 9.913723E+00
2.328061E+02 1.467464E+00 9.911426E+00
2.335581E+02 1.468319E+00 9.909105E+00
2.343127E+02 1.469172E+00 9.906761E+00
2.350696E+02 1.470023E+00 9.904392E+00
2.358290E+02 1.470873E+00 9.902254E+00
2.365909E+02 1.471720E+00 9.899838E+00
2.373552E+02 1.472566E+00 9.897398E+00
2.381220E+02 1.473410E+00 9.895187E+00
2.388912E+02 1.474252E+00 9.892700E+00
2.396630E+02 1.475092E+00 9.890442E+00
2.404372E+02 1.475930E+00 9.888159E+00
2.412140E+02 1.476767E+00 9.885853E+00
2.419932E+02 1.477602E+00 9.883522E+00
2.427750E+02 1.478434E+00 9.881168E+00
2.435593E+02 1.479265E+00 9.878791E+00
2.443461E+02 1.480094E+00 9.876390E+00
2.451355E+02 1.480921E+00 9.873966E+00
2.459274E+02 1.481747E+00 9.871518E+00
2.467219E+02 1.482570E+00 9.869294E+00
2.475189E+02 1.483392E+00 9.866800E+00
2.483185E+02 1.484211E+00 9.864529E+00
2.491207E+02 1.485029E+00 9.861988E+00
2.499255E+02 1.485845E+00 9.859670E+00
2.507329E+02 1.486659E+00 9.857329E+00
2.515429E+02 1.487471E+00 9.854964E+00
2.523555E+02 1.488281E+00 9.852575E+00
2.531708E+02 1.489089E+00 9.850164E+00
2.539886E+02 1.489896E+00 9.847729E+00
2.548092E+02 1.490700E+00 9.845270E+00
2.556323E+02 1.491503E+00 9.842789E+00
2.564582E+02 1.492303E+00 9.840528E+00
2.572867E+02 1.493102E+00 9.838001E+00
2.581178E+02 1.493899E+00 9.835692E+00
2.589517E+02 1.494694E+00 9.833119E+00
2.597882E+02 1.495487E+00 9.830764E+00
2.606275E+02 1.496278E+00 9.828386E+00
2.614695E+02 1.497067E+00 9.825744E+00
2.623141E+02 1.497854E+00 9.823320E+00
2.631616E+02 1.498640E+00 9.820873E+00
2.640117E+02 1.499423E+00 9.818403E+00
2.648646E+02 1.500204E+00 9.816149E+00
2.657203E+02 1.500984E+00 9.813633E+00
2.665787E+02 1.501761E+00 9.811094E+00
2.674399E+02 1.502537E+00 9.808771E+00
2.683038E+02 1.503311E+00 9.806186E+00
2.691706E+02 1.504082E+00 9.803817E+00
2.700402E+02 1.504852E+00 9.801187E+00
2.709125E+02 1.505620E+00 9.798772E+00
2.717877E+02 1.506386E+00 9.796333E+00
2.726658E+02 1.507150E+00 9.793872E+00
2.735466E+02 1.507912E+00 9.791387E+00
2.744303E+02 1.508672E+00 9.788881E+00
2.753169E+02 1.509430E+00 9.786351E+00
2.762063E+02 1.510186E+00 9.783799E+00
2.770986E+02 1.510941E+00 9.781458E+00
2.779938E+02 1.511693E+00 9.778861E+00
2.788918E+02 1.512443E+00 9.776475E+00
2.797928E+02 1.513191E+00 9.773833E+00
2.806967E+02 1.513938E+00 9.771401E+00
2.816035E+02 1.514682E+00 9.768946E+00
2.825132E+02 1.515424E+00 9.766238E+00
2.834259E+02 1.516165E+00 9.763738E+00
2.843415E+02 1.516903E+00 9.761216E+00
2.852601E+02 1.517640E+00 9.758672E+00
2.861816E+02 1.518374E+00 9.756105E+00
2.871061E+02 1.519107E+00 9.753746E+00
2.880336E+02 1.519837E+00 9.751134E+00
2.889641E+02 1.520566E+00 9.748501E+00
2.898976E+02 1.521292E+00 9.746074E+00
2.908342E+02 1.522017E+00 9.743624E+00
2.917737E+02 1.522739E+00 9.740925E+00
2.927163E+02 1.523460E+00 9.738430E+00
2.936619E+02 1.524179E+00 9.735914E+00
2.946106E+02 1.524895E+00 9.733375E+00
2.955624E+02 1.525610E+00 9.730814E+00
2.965172E+02 1.526322E+00 9.728231E+00
2.974751E+02 1.527033E+00 9.725626E+00
2.984361E+02 1.527742E+00 9.722999E+00
2.994002E+02 1.528448E+00 9.720350E+00
3.003674E+02 1.529153E+00 9.717904E+00
3.013378E+02 1.529855E+00 9.715211E+00
3.023113E+02 1.530556E+00 9.712721E+00
3.032879E+02 1.531254E+00 9.710208E+00
3.042677E+02 1.531951E+00 9.707450E+00
3.052506E+02 1.532645E+00 9.704894E+00
3.062367E+02 1.533338E+00 9.702315E+00
3.072261E+02 1.534028E+00 9.699715E+00
3.082186E+02 1.534717E+00 9.697093E+00
3.092143E+02 1.535403E+00 9.694449E+00
3.102132E+02 1.536088E+00 9.692004E+00
3.112153E+02 1.536770E+00 9.689317E+00
3.122207E+02 1.537450E+00 9.686608E+00
3.132294E+02 1.538129E+00 9.684098E+00
3.142413E+02 1.538805E+00 9.681565E+00
3.152564E+02 1.539479E+00 9.678792E+00
3.162749E+02 1.540152E+00 9.676216E+00
3.172966E+02 1.540822E+00 9.673619E+00
3.183217E+02 1.541490E+00 9.671000E+00
3.193500E+02 1.542156E+00 9.668359E+00
3.203817E+02 1.542820E+00 9.665697E+00
3.214167E+02 1.543482E+00 9.663014E+00
3.224550E+02 1.544142E+00 9.660310E+00
3.234967E+02 1.544800E+00 9.657800E+00
3.245418E+02 1.545456E+00 9.655053E+00
3.255902E+02 1.546110E+00 9.652500E+00
3.266421E+02 1.546762E+00 9.649710E+00
3.276973E+02 1.547412E+00 9.647115E+00
3.287559E+02 1.548060E+00 9.644497E+00
3.298180E+02 1.548705E+00 9.641859E+00
3.308835E+02 1.549349E+00 9.639199E+00
3.319524E+02 1.549991E+00 9.636518E+00
3.330248E+02 1.550630E+00 9.633816E+00
3.341006E+02 1.551268E+00 9.631093E+00
3.351800E+02 1.551903E+00 9.628348E+00
3.362628E+02 1.552537E+00 9.625795E+00
3.373491E+02 1.553168E+00 9.623009E+00
3.384389E+02 1.553798E+00 9.620413E+00
3.395322E+02 1.554425E+00 9.617586E+00
3.406291E+02 1.555050E+00 9.614948E+00
3.417295E+02 1.555673E+00 9.612289E+00
3.428335E+02 1.556294E+00 9.609609E+00
3.439410E+02 1.556913E+00 9.606908E+00
3.450521E+02 1.557530E+00 9.604186E+00
3.461668E+02 1.558145E+00 9.601444E+00
3.472852E+02 1.558758E+00 9.598681E+00
3.484071E+02 1.559369E+00 9.596105E+00
3.495326E+02 1.559977E+00 9.593301E+00
3.506618E+02 1.560584E+00 9.590683E+00
3.517946E+02 1.561188E+00 9.587837E+00
3.529311E+02 1.561791E+00 9.585178E+00
3.540713E+02 1.562391E+00 9.582498E+00
3.552151E+02 1.562990E+00 9.579797E+00
3.563626E+02 1.563586E+00 9.577076E+00
3.575139E+02 1.564180E+00 9.574334E+00
3.586688E+02 1.564772E+00 9.571571E+00
3.598275E+02 1.565362E+00 9.568788E+00
3.609900E+02 1.565950E+00 9.565985E+00
3.621561E+02 1.566536E+00 9.563365E+00
3.633261E+02 1.567120E+00 9.560521E+00
3.644998E+02 1.567702E+00 9.557860E+00
3.656774E+02 1.568281E+00 9.554976E+00
3.668587E+02 1.568859E+00 9.552274E+00
3.680438E+02 1.569434E+00 9.549552E+00
3.692328E+02 1.570008E+00 9.546809E+00
3.704256E+02 1.570579E+00 9.544046E+00
3.716223E+02 1.571148E+00 9.541263E+00
3.728229E+02 1.571715E+00 9.538460E+00
3.740273E+02 1.572281E+00 9.535636E+00
3.752356E+02 1.572844E+00 9.532994E+00
3.764478E+02 1.573404E+00 9.530130E+00
3.776639E+02 1.573963E+00 9.527246E+00
3.788840E+02 1.574520E+00 9.524543E+00
3.801080E+02 1.575075E+00 9.521819E+00
3.813359E+02 1.575627E+00 9.519075E+00
3.825678E+02 1.576178E+00 9.516112E+00
3.838037E+02 1.576726E+00 9.513328E+00
3.850436E+02 1.577272E+00 9.510524E+00
3.862875E+02 1.577816E+00 9.507898E+00
3.875354E+02 1.578359E+00 9.505054E+00
3.887874E+02 1.578899E+00 9.502190E+00
3.900434E+02 1.579436E+00 9.499306E+00
3.913034E+02 1.579972E+00 9.496600E+00
3.925675E+02 1.580506E+00 9.493677E+00
3.938357E+02 1.581038E+00 9.490931E+00
3.951080E+02 1.581567E+00 9.488165E+00
3.963845E+02 1.582095E+00 9.485379E+00
3.976650E+02 1.582620E+00 9.482573E+00
3.989497E+02 1.583143E+00 9.479747E+00
4.002385E+02 1.583664E+00 9.476902E+00
4.015315E+02 1.584184E+00 9.474037E+00
4.028286E+02 1.584701E+00 9.471153E+00
4.041300E+02 1.585215E+00 9.468443E+00
4.054355E+02 1.585728E+00 9.465520E+00
4.067453E+02 1.586239E+00 9.462770E+00
4.080593E+02 1.586747E+00 9.459808E+00
4.093776E+02 1.587254E+00 9.457020E+00
4.107001E+02 1.587758E+00 9.454211E+00
4.120268E+02 1.588261E+00 9.451383E+00
4.133579E+02 1.588761E+00 9.448536E+00
4.146933E+02 1.589259E+00 9.445670E+00
4.160330E+02 1.589755E+00 9.442784E+00
4.173770E+02 1.590249E+00 9.439878E+00
4.187253E+02 1.590741E+00 9.436954E+00
4.200780E+02 1.591230E+00 9.434201E+00
4.214351E+02 1.591718E+00 9.431239E+00
4.227966E+02 1.592204E+00 9.428447E+00
4.241624E+02 1.592687E+00 9.425635E+00
4.255327E+02 1.593168E+00 9.422616E+00
4.269074E+02 1.593648E+00 9.419766E+00
4.282865E+02 1.594125E+00 9.416898E+00
4.296701E+02 1.594600E+00 9.414010E+00
4.310582E+02 1.595073E+00 9.411103E+00
4.324507E+02 1.595543E+00 9.408365E+00
4.338478E+02 1.596012E+00 9.405420E+00
4.352493E+02 1.596479E+00 9.402456E+00
4.366554E+02 1.596943E+00 9.399660E+00
4.380661E+02 1.597406E+00 9.396659E+00
4.394812E+02 1.597866E+00 9.393825E+00
4.409010E+02 1.598324E+00 9.390972E+00
4.423253E+02 1.598780E+00 9.388100E+00
4.437543E+02 1.599234E+00 9.385210E+00
4.451879E+02 1.599686E+00 9.382300E+00
4.466261E+02 1.600136E+00 9.379372E+00
4.480689E+02 1.600584E+00 9.376425E+00
4.495164E+02 1.601030E+00 9.373460E+00
4.509686E+02 1.601473E+00 9.370660E+00
4.524254E+02 1.601915E+00 9.367657E+00
4.538870E+02 1.602354E+00 9.364819E+00
4.553533E+02 1.602791E+00 9.361779E+00
4.568243E+02 1.603226E+00 9.358904E+00
4.583001E+02 1.603659E+00 9.356011E+00
4.597807E+02 1.604090E+00 9.353098E+00
4.612660E+02 1.604519E+00 9.350168E+00
4.627562E+02 1.604946E+00 9.347218E+00
4.642511E+02 1.605370E+00 9.344251E+00
4.657509E+02 1.605793E+00 9.341446E+00
4.672555E+02 1.606214E+00 9.338442E+00
4.687650E+02 1.606632E+00 9.335419E+00
4.702794E+02 1.607048E+00 9.332559E+00
4.717986E+02 1.607462E+00 9.329680E+00
4.733228E+02 1.607874E+00 9.326603E+00
4.748519E+02 1.608284E+00 9.323687E+00
4.763859E+02 1.608692E+00 9.320754E+00
4.779249E+02 1.609098E+00 9.317801E+00
4.794688E+02 1.609502E+00 9.314831E+00
4.810178E+02 1.609903E+00 9.311843E+00
4.825717E+02 1.610303E+00 9.309015E+00
4.841307E+02 1.610700E+00 9.305990E+00
4.856947E+02 1.611096E+00 9.303126E+00
4.872637E+02 1.611489E+00 9.300065E+00
4.888378E+02 1.611880E+00 9.297164E+00
4.904170E+02 1.612269E+00 9.294068E+00
4.920014E+02 1.612656E+00 9.291131E+00
4.935908E+02 1.613041E+00 9.288176E+00
4.951853E+02 1.613424E+00 9.285203E+00
4.967851E+02 1.613805E+00 9.282212E+00
4.983899E+02 1.614183E+00 9.279203E+00
5.000000E+02 1.614560E+00 9.276352E+00
