2.000000E+02 1.425172E+00 1.001636E+01
2.032780E+02 1.429884E+00 1.000562E+01
2.066096E+02 1.434552E+00 9.994529E+00
2.099959E+02 1.439177E+00 9.983622E+00
2.134377E+02 1.443757E+00 9.972357E+00
2.169359E+02 1.448293E+00 9.961268E+00
2.204915E+02 1.452783E+00 9.949824E+00
2.241053E+02 1.457229E+00 9.938548E+00
2.277783E+02 1.461628E+00 9.926918E+00
2.315116E+02 1.465981E+00 9.915451E+00
2.353060E+02 1.470288E+00 9.903884E+00
2.391626E+02 1.474548E+00 9.891965E+00
2.430825E+02 1.478761E+00 9.880200E+00
2.470665E+02 1.482926E+00 9.868084E+00
2.511159E+02 1.487043E+00 9.856115E+00
2.552317E+02 1.491113E+00 9.844043E+00
2.594149E+02 1.495133E+00 9.831866E+00
2.636666E+02 1.499105E+00 9.819584E+00
2.679881E+02 1.503028E+00 9.807197E+00
2.723803E+02 1.506902E+00 9.794705E+00
2.768446E+02 1.510726E+00 9.782106E+00
2.813820E+02 1.514501E+00 9.769400E+00
2.859938E+02 1.518225E+00 9.756818E+00
2.906812E+02 1.521899E+00 9.743897E+00
2.954454E+02 1.525522E+00 9.731096E+00
3.002877E+02 1.529095E+00 9.718184E+00
3.052094E+02 1.532616E+00 9.705162E+00
3.102117E+02 1.536087E+00 9.692029E+00
3.152960E+02 1.539506E+00 9.678787E+00
3.204637E+02 1.542873E+00 9.665434E+00
3.257160E+02 1.546188E+00 9.652188E+00
3.310544E+02 1.549452E+00 9.638616E+00
3.364803E+02 1.552664E+00 9.625146E+00
3.419952E+02 1.555823E+00 9.611565E+00
3.476004E+02 1.558930E+00 9.598081E+00
3.532975E+02 1.561984E+00 9.584277E+00
3.590880E+02 1.564986E+00 9.570568E+00
3.649734E+02 1.567935E+00 9.556747E+00
3.709552E+02 1.570831E+00 9.542815E+00
3.770351E+02 1.573675E+00 9.528772E+00
3.832147E+02 1.576465E+00 9.514818E+00
3.894955E+02 1.579202E+00 9.500555E+00
3.958792E+02 1.581886E+00 9.486379E+00
4.023676E+02 1.584517E+00 9.472288E+00
4.089624E+02 1.587095E+00 9.457893E+00
4.156652E+02 1.589619E+00 9.443580E+00
4.224778E+02 1.592090E+00 9.429159E+00
4.294022E+02 1.594508E+00 9.414629E+00
4.364400E+02 1.596872E+00 9.399991E+00
4.435932E+02 1.599183E+00 9.385433E+00
4.508636E+02 1.601441E+00 9.370768E+00
4.582531E+02 1.603646E+00 9.356179E+00
4.657638E+02 1.605797E+00 9.341302E+00
4.733976E+02 1.607895E+00 9.326501E+00
4.811565E+02 1.609939E+00 9.311595E+00
4.890426E+02 1.611931E+00 9.296764E+00
4.970579E+02 1.613869E+00 9.281828E+00
5.052046E+02 1.615755E+00 9.266790E+00
5.134848E+02 1.617587E+00 9.251650E+00
5.219007E+02 1.619367E+00 9.236583E+00
5.304546E+02 1.621094E+00 9.221415E+00
5.391486E+02 1.622768E+00 9.206148E+00
5.479851E+02 1.624390E+00 9.190953E+00
5.569665E+02 1.625959E+00 9.175659E+00
5.660951E+02 1.627476E+00 9.160270E+00
5.753733E+02 1.628941E+00 9.144950E+00
5.848035E+02 1.630353E+00 9.129536E+00
5.943884E+02 1.631714E+00 9.114028E+00
6.041303E+02 1.633023E+00 9.098590E+00
6.140319E+02 1.634281E+00 9.083059E+00
6.240957E+02 1.635487E+00 9.067439E+00
6.343245E+02 1.636642E+00 9.051887E+00
6.447210E+02 1.637746E+00 9.036248E+00
6.552879E+02 1.638799E+00 9.020521E+00
6.660279E+02 1.639802E+00 9.004864E+00
6.769440E+02 1.640754E+00 8.989122E+00
6.880390E+02 1.641656E+00 8.973296E+00
6.993158E+02 1.642508E+00 8.957541E+00
7.107774E+02 1.643310E+00 8.941705E+00
7.224269E+02 1.644063E+00 8.925938E+00
7.342674E+02 1.644767E+00 8.909943E+00
7.463019E+02 1.645421E+00 8.894168E+00
7.585336E+02 1.646027E+00 8.878168E+00
7.709659E+02 1.646584E+00 8.862241E+00
7.836019E+02 1.647093E+00 8.846240E+00
7.964449E+02 1.647553E+00 8.830311E+00
8.094985E+02 1.647967E+00 8.814310E+00
8.227661E+02 1.648332E+00 8.798382E+00
8.362510E+02 1.648651E+00 8.782244E+00
8.499570E+02 1.648923E+00 8.766321E+00
8.638877E+02 1.649148E+00 8.750191E+00
8.780466E+02 1.649326E+00 8.734136E+00
8.924376E+02 1.649459E+00 8.718019E+00
9.070645E+02 1.649547E+00 8.701977E+00
9.219311E+02 1.649589E+00 8.685875E+00
9.370414E+02 1.649585E+00 8.669714E+00
9.523994E+02 1.649538E+00 8.653631E+00
9.680090E+02 1.649445E+00 8.637492E+00
9.838745E+02 1.649309E+00 8.621299E+00
1.000000E+03 1.649129E+00 8.605186E+00
