2.000000E+02 2.626294E-01 7.095102E+00
2.135277E+02 2.615013E-01 7.000812E+00
2.279705E+02 2.604383E-01 6.902898E+00
2.433901E+02 2.594643E-01 6.801009E+00
2.598526E+02 2.586083E-01 6.694596E+00
2.774287E+02 2.579065E-01 6.582908E+00
2.961936E+02 2.574041E-01 6.466945E+00
3.162278E+02 2.571581E-01 6.343490E+00
3.376170E+02 2.572411E-01 6.213941E+00
3.604529E+02 2.577465E-01 6.076543E+00
3.848335E+02 2.587947E-01 5.931916E+00
4.108631E+02 2.605425E-01 5.778683E+00
4.386533E+02 2.631952E-01 5.617621E+00
4.683232E+02 2.670235E-01 5.449786E+00
5.000000E+02 2.723866E-01 5.274736E+00
