1.000000E+02 1.190639E+00 1.038213E+01
1.033391E+02 1.202928E+00 1.036925E+01
1.067897E+02 1.215131E+00 1.035611E+01
1.103555E+02 1.227242E+00 1.034228E+01
1.140404E+02 1.239256E+00 1.032814E+01
1.178483E+02 1.251169E+00 1.031328E+01
1.217834E+02 1.262976E+00 1.029804E+01
1.258499E+02 1.274672E+00 1.028240E+01
1.300522E+02 1.286253E+00 1.026634E+01
1.343947E+02 1.297712E+00 1.024983E+01
1.388823E+02 1.309046E+00 1.023317E+01
1.435197E+02 1.320251E+00 1.021569E+01
1.483120E+02 1.331321E+00 1.019801E+01
1.532643E+02 1.342251E+00 1.017980E+01
1.583820E+02 1.353039E+00 1.016103E+01
1.636705E+02 1.363679E+00 1.014201E+01
1.691356E+02 1.374166E+00 1.012240E+01
1.747832E+02 1.384498E+00 1.010249E+01
1.806194E+02 1.394670E+00 1.008226E+01
1.866505E+02 1.404677E+00 1.006139E+01
1.928830E+02 1.414517E+00 1.004018E+01
1.993235E+02 1.424185E+00 1.001860E+01
2.059792E+02 1.433678E+00 9.996632E+00
2.128570E+02 1.442993E+00 9.974268E+00
2.199645E+02 1.452125E+00 9.951494E+00
2.273094E+02 1.461073E+00 9.928558E+00
2.348995E+02 1.469832E+00 9.904931E+00
2.427430E+02 1.478400E+00 9.881117E+00
2.508485E+02 1.486775E+00 9.856852E+00
2.592245E+02 1.494953E+00 9.832372E+00
2.678803E+02 1.502932E+00 9.807426E+00
2.768251E+02 1.510710E+00 9.782244E+00
2.860686E+02 1.518284E+00 9.756585E+00
2.956207E+02 1.525653E+00 9.730675E+00
3.054918E+02 1.532815E+00 9.704282E+00
3.156925E+02 1.539768E+00 9.677629E+00
3.262338E+02 1.546510E+00 9.650922E+00
3.371271E+02 1.553040E+00 9.623510E+00
3.483841E+02 1.559356E+00 9.596035E+00
3.600170E+02 1.565458E+00 9.568277E+00
3.720384E+02 1.571345E+00 9.540235E+00
3.844611E+02 1.577016E+00 9.511907E+00
3.972987E+02 1.582470E+00 9.483293E+00
4.105649E+02 1.587707E+00 9.454393E+00
4.242741E+02 1.592726E+00 9.425397E+00
4.384411E+02 1.597528E+00 9.395928E+00
4.530811E+02 1.602112E+00 9.366363E+00
4.682099E+02 1.606478E+00 9.336517E+00
4.838439E+02 1.610628E+00 9.306573E+00
5.000000E+02 1.614560E+00 9.276352E+00
