1.000000E-02 4.727967E-02 2.452074E+01
1.020378E-02 4.717221E-02 2.449359E+01
1.041171E-02 4.706311E-02 2.438087E+01
1.062387E-02 4.695287E-02 2.435334E+01
1.084036E-02 4.684092E-02 2.424089E+01
1.106126E-02 4.672771E-02 2.421311E+01
1.128667E-02 4.661270E-02 2.410104E+01
1.151666E-02 4.649635E-02 2.407316E+01
1.175135E-02 4.637809E-02 2.396161E+01
1.199081E-02 4.625842E-02 2.393376E+01
1.223516E-02 4.613674E-02 2.382287E+01
1.248448E-02 4.601356E-02 2.379522E+01
1.273888E-02 4.588828E-02 2.368511E+01
1.299847E-02 4.576142E-02 2.365782E+01
1.326335E-02 4.563235E-02 2.354867E+01
1.353363E-02 4.550165E-02 2.352192E+01
1.380941E-02 4.536863E-02 2.341386E+01
1.409082E-02 4.523391E-02 2.338784E+01
1.437796E-02 4.509705E-02 2.336229E+01
1.467094E-02 4.495789E-02 2.325596E+01
1.496990E-02 4.481680E-02 2.323145E+01
1.527496E-02 4.467330E-02 2.312667E+01
1.558622E-02 4.452783E-02 2.310343E+01
1.590384E-02 4.437987E-02 2.300039E+01
1.622792E-02 4.422990E-02 2.297865E+01
1.655861E-02 4.407738E-02 2.287756E+01
1.689603E-02 4.392281E-02 2.285758E+01
1.724033E-02 4.376563E-02 2.275865E+01
1.759165E-02 4.360640E-02 2.274069E+01
1.795013E-02 4.344452E-02 2.264416E+01
1.831591E-02 4.328057E-02 2.262850E+01
1.868915E-02 4.311397E-02 2.253459E+01
1.906999E-02 4.294533E-02 2.252154E+01
1.945859E-02 4.277404E-02 2.243050E+01
1.985511E-02 4.260075E-02 2.242035E+01
2.025971E-02 4.242488E-02 2.233244E+01
2.067256E-02 4.224707E-02 2.232550E+01
2.109382E-02 4.206678E-02 2.224095E+01
2.152366E-02 4.188464E-02 2.223753E+01
2.196226E-02 4.170020E-02 2.215656E+01
2.240980E-02 4.151403E-02 2.215694E+01
2.286646E-02 4.132577E-02 2.207976E+01
2.333243E-02 4.113598E-02 2.208419E+01
2.380789E-02 4.094440E-02 2.201093E+01
2.429304E-02 4.075131E-02 2.193973E+01
2.478808E-02 4.055719E-02 2.195033E+01
2.529320E-02 4.036171E-02 2.188311E+01
2.580862E-02 4.016527E-02 2.181788E+01
2.633454E-02 3.996840E-02 2.183467E+01
2.687117E-02 3.977077E-02 2.177320E+01
2.741874E-02 3.957305E-02 2.179408E+01
2.797747E-02 3.937511E-02 2.173605E+01
2.854759E-02 3.917730E-02 2.167957E+01
2.912932E-02 3.897986E-02 2.162449E+01
2.972291E-02 3.878329E-02 2.165181E+01
3.032860E-02 3.858729E-02 2.159906E+01
3.094662E-02 3.839226E-02 2.154720E+01
3.157724E-02 3.819862E-02 2.157786E+01
3.222071E-02 3.800610E-02 2.152720E+01
3.287730E-02 3.781502E-02 2.147683E+01
3.354726E-02 3.762548E-02 2.142653E+01
3.423088E-02 3.743785E-02 2.145867E+01
3.492842E-02 3.725175E-02 2.140793E+01
3.564018E-02 3.706742E-02 2.135665E+01
3.636645E-02 3.688515E-02 2.138789E+01
3.710751E-02 3.670458E-02 2.133494E+01
3.786368E-02 3.652589E-02 2.128088E+01
3.863525E-02 3.634909E-02 2.122552E+01
3.942255E-02 3.617446E-02 2.125253E+01
4.022589E-02 3.600151E-02 2.119404E+01
4.104560E-02 3.583044E-02 2.113375E+01
4.188201E-02 3.566150E-02 2.115578E+01
4.273547E-02 3.549421E-02 2.109137E+01
4.360632E-02 3.532874E-02 2.102472E+01
4.449492E-02 3.516538E-02 2.104023E+01
4.540162E-02 3.500357E-02 2.096856E+01
4.632680E-02 3.484378E-02 2.097909E+01
4.727083E-02 3.468555E-02 2.090186E+01
4.823410E-02 3.452928E-02 2.090677E+01
4.921700E-02 3.437456E-02 2.082346E+01
5.021993E-02 3.422175E-02 2.082217E+01
5.124329E-02 3.407046E-02 2.073233E+01
5.228751E-02 3.392108E-02 2.072427E+01
5.335301E-02 3.377319E-02 2.062748E+01
5.444022E-02 3.362723E-02 2.061213E+01
5.554959E-02 3.348295E-02 2.059306E+01
5.668156E-02 3.334020E-02 2.048491E+01
5.783660E-02 3.319939E-02 2.045782E+01
5.901518E-02 3.306030E-02 2.042660E+01
6.021777E-02 3.292278E-02 2.030635E+01
6.144487E-02 3.278728E-02 2.026648E+01
6.269697E-02 3.265359E-02 2.022216E+01
6.397459E-02 3.252177E-02 2.017325E+01
6.527824E-02 3.239185E-02 2.011966E+01
6.660846E-02 3.226388E-02 2.006129E+01
6.796579E-02 3.213793E-02 1.999805E+01
6.935077E-02 3.201406E-02 1.992984E+01
7.076398E-02 3.189234E-02 1.985661E+01
7.220599E-02 3.177285E-02 1.977828E+01
7.367738E-02 3.165566E-02 1.969481E+01
7.517875E-02 3.154085E-02 1.960616E+01
7.671072E-02 3.142853E-02 1.951229E+01
7.827391E-02 3.131878E-02 1.941320E+01
7.986895E-02 3.121171E-02 1.930888E+01
8.149649E-02 3.110763E-02 1.927957E+01
8.315720E-02 3.100632E-02 1.916415E+01
8.485175E-02 3.090803E-02 1.904354E+01
8.658084E-02 3.081311E-02 1.899641E+01
8.834515E-02 3.072135E-02 1.886474E+01
9.014542E-02 3.063320E-02 1.880554E+01
9.198238E-02 3.054853E-02 1.866296E+01
9.385677E-02 3.046779E-02 1.859170E+01
9.576935E-02 3.039083E-02 1.843850E+01
9.772091E-02 3.031816E-02 1.835531E+01
9.971223E-02 3.024975E-02 1.826598E+01
1.017441E-01 3.018580E-02 1.817055E+01
1.038174E-01 3.012637E-02 1.799632E+01
1.059330E-01 3.007192E-02 1.788960E+01
1.080917E-01 3.002249E-02 1.777708E+01
1.102943E-01 2.997827E-02 1.765885E+01
1.125419E-01 2.993948E-02 1.753507E+01
1.148352E-01 2.990630E-02 1.740590E+01
1.171753E-01 2.987894E-02 1.727152E+01
1.195631E-01 2.985774E-02 1.719863E+01
1.219995E-01 2.984264E-02 1.705335E+01
1.244855E-01 2.983398E-02 1.690347E+01
1.270223E-01 2.983207E-02 1.681286E+01
1.296107E-01 2.983691E-02 1.665336E+01
1.322518E-01 2.984890E-02 1.655164E+01
1.349468E-01 2.986806E-02 1.638351E+01
1.376967E-01 2.989477E-02 1.627158E+01
1.405027E-01 2.992904E-02 1.609594E+01
1.433658E-01 2.997129E-02 1.597484E+01
1.462873E-01 3.002160E-02 1.584909E+01
1.492683E-01 3.008015E-02 1.571894E+01
1.523100E-01 3.014715E-02 1.558467E+01
1.554137E-01 3.022278E-02 1.544659E+01
1.585807E-01 3.030723E-02 1.530499E+01
1.618122E-01 3.040067E-02 1.516017E+01
1.651096E-01 3.050329E-02 1.501247E+01
1.684741E-01 3.061533E-02 1.491093E+01
1.719072E-01 3.073682E-02 1.475722E+01
1.754103E-01 3.086805E-02 1.464822E+01
1.789847E-01 3.100907E-02 1.448974E+01
1.826320E-01 3.116015E-02 1.437447E+01
1.863537E-01 3.132138E-02 1.425603E+01
1.901511E-01 3.149288E-02 1.409216E+01
1.940260E-01 3.167488E-02 1.396926E+01
1.979798E-01 3.186748E-02 1.384409E+01
2.020141E-01 3.207083E-02 1.371694E+01
2.061307E-01 3.228506E-02 1.358809E+01
2.103312E-01 3.251036E-02 1.349540E+01
2.146172E-01 3.274678E-02 1.336300E+01
2.189906E-01 3.299449E-02 1.322974E+01
2.234532E-01 3.325367E-02 1.313064E+01
2.280066E-01 3.352436E-02 1.299543E+01
2.326529E-01 3.380678E-02 1.289310E+01
2.373938E-01 3.410102E-02 1.278912E+01
2.422313E-01 3.440721E-02 1.268372E+01
2.471674E-01 3.472548E-02 1.257715E+01
2.522041E-01 3.505597E-02 1.246963E+01
2.573435E-01 3.539880E-02 1.236139E+01
2.625875E-01 3.575411E-02 1.225263E+01
2.679385E-01 3.612207E-02 1.217103E+01
2.733984E-01 3.650275E-02 1.206107E+01
2.789696E-01 3.689634E-02 1.197722E+01
2.846544E-01 3.730297E-02 1.189221E+01
2.904550E-01 3.772277E-02 1.180624E+01
2.963738E-01 3.815588E-02 1.169537E+01
3.024132E-01 3.860249E-02 1.163209E+01
3.085757E-01 3.906271E-02 1.154427E+01
3.148637E-01 3.953671E-02 1.145616E+01
3.212799E-01 4.002464E-02 1.136793E+01
3.278269E-01 4.052669E-02 1.130078E+01
3.345072E-01 4.104301E-02 1.123268E+01
3.413237E-01 4.157376E-02 1.116375E+01
3.482791E-01 4.211911E-02 1.107463E+01
3.553762E-01 4.267928E-02 1.102405E+01
3.626180E-01 4.325440E-02 1.095353E+01
3.700073E-01 4.384469E-02 1.088275E+01
3.775472E-01 4.445034E-02 1.082944E+01
3.852407E-01 4.507153E-02 1.075800E+01
3.930910E-01 4.570848E-02 1.070337E+01
4.011013E-01 4.636139E-02 1.064805E+01
4.092748E-01 4.703046E-02 1.059216E+01
4.176149E-01 4.771592E-02 1.053581E+01
4.261249E-01 4.841798E-02 1.047909E+01
4.348083E-01 4.913689E-02 1.043691E+01
4.436687E-01 4.987286E-02 1.039384E+01
4.527097E-01 5.062612E-02 1.033589E+01
4.619348E-01 5.139694E-02 1.029169E+01
4.713480E-01 5.218556E-02 1.026036E+01
4.809530E-01 5.299221E-02 1.021476E+01
4.907537E-01 5.381716E-02 1.016877E+01
5.007541E-01 5.466069E-02 1.013498E+01
5.109583E-01 5.552306E-02 1.010036E+01
5.213705E-01 5.640454E-02 1.006501E+01
5.319948E-01 5.730542E-02 1.002901E+01
5.428356E-01 5.822597E-02 9.992439E+00
5.538973E-01 5.916651E-02 9.966548E+00
5.651845E-01 6.012731E-02 9.928822E+00
5.767016E-01 6.110869E-02 9.901423E+00
5.884535E-01 6.211096E-02 9.873269E+00
6.004448E-01 6.313444E-02 9.854649E+00
6.126805E-01 6.417944E-02 9.824984E+00
6.251655E-01 6.524629E-02 9.804566E+00
6.379049E-01 6.633533E-02 9.783257E+00
6.509039E-01 6.744690E-02 9.761133E+00
6.641678E-01 6.858134E-02 9.738264E+00
6.777020E-01 6.973901E-02 9.723703E+00
6.915120E-01 7.092025E-02 9.699355E+00
7.056035E-01 7.212545E-02 9.683071E+00
7.199820E-01 7.335497E-02 9.665940E+00
7.346536E-01 7.460918E-02 9.656292E+00
7.496241E-01 7.588847E-02 9.637487E+00
7.648997E-01 7.719323E-02 9.625962E+00
7.804866E-01 7.852385E-02 9.613517E+00
7.963911E-01 7.988074E-02 9.600215E+00
8.126197E-01 8.126430E-02 9.593594E+00
8.291790E-01 8.267496E-02 9.585942E+00
8.460758E-01 8.411312E-02 9.577322E+00
8.633168E-01 8.557922E-02 9.567796E+00
8.809092E-01 8.707369E-02 9.557423E+00
8.988601E-01 8.859698E-02 9.553043E+00
9.171768E-01 9.014953E-02 9.547667E+00
9.358667E-01 9.173179E-02 9.547889E+00
9.549375E-01 9.334423E-02 9.540567E+00
9.743970E-01 9.498730E-02 9.538715E+00
9.942529E-01 9.666150E-02 9.535853E+00
1.014513E+00 9.836729E-02 9.538108E+00
1.035187E+00 1.001052E-01 9.533279E+00
1.056282E+00 1.018756E-01 9.533455E+00
1.077806E+00 1.036791E-01 9.532620E+00
1.099769E+00 1.055162E-01 9.536473E+00
1.122180E+00 1.073875E-01 9.539218E+00
1.145048E+00 1.092933E-01 9.540908E+00
1.168381E+00 1.112343E-01 9.546953E+00
1.192190E+00 1.132109E-01 9.546595E+00
1.216484E+00 1.152238E-01 9.555680E+00
1.241273E+00 1.172734E-01 9.558464E+00
1.266567E+00 1.193604E-01 9.565262E+00
1.292377E+00 1.214852E-01 9.570951E+00
1.318713E+00 1.236485E-01 9.575579E+00
1.345585E+00 1.258508E-01 9.583947E+00
1.373005E+00 1.280927E-01 9.591190E+00
1.400984E+00 1.303748E-01 9.601954E+00
1.429532E+00 1.326977E-01 9.611535E+00
1.458663E+00 1.350619E-01 9.619984E+00
1.488387E+00 1.374682E-01 9.627348E+00
1.518717E+00 1.399170E-01 9.637976E+00
1.549665E+00 1.424091E-01 9.651704E+00
1.581243E+00 1.449451E-01 9.660038E+00
1.613466E+00 1.475255E-01 9.671429E+00
1.646344E+00 1.501510E-01 9.685725E+00
1.679893E+00 1.528223E-01 9.698804E+00
1.714125E+00 1.555401E-01 9.710712E+00
1.749055E+00 1.583049E-01 9.725347E+00
1.784697E+00 1.611175E-01 9.738778E+00
1.821065E+00 1.639785E-01 9.754784E+00
1.858174E+00 1.668885E-01 9.765882E+00
1.896039E+00 1.698484E-01 9.783147E+00
1.934676E+00 1.728587E-01 9.799157E+00
1.974100E+00 1.759201E-01 9.813955E+00
2.014328E+00 1.790335E-01 9.831045E+00
2.055375E+00 1.821993E-01 9.846902E+00
2.097259E+00 1.854185E-01 9.864927E+00
2.139996E+00 1.886916E-01 9.881703E+00
2.183604E+00 1.920195E-01 9.900532E+00
2.228101E+00 1.954028E-01 9.918097E+00
2.273505E+00 1.988423E-01 9.934442E+00
2.319834E+00 2.023386E-01 9.952724E+00
2.367106E+00 2.058926E-01 9.972846E+00
2.415343E+00 2.095050E-01 9.991685E+00
2.464562E+00 2.131766E-01 1.001227E+01
2.514784E+00 2.169080E-01 1.003156E+01
2.566029E+00 2.207001E-01 1.005251E+01
2.618319E+00 2.245536E-01 1.007217E+01
2.671674E+00 2.284693E-01 1.009339E+01
2.726117E+00 2.324479E-01 1.011332E+01
2.781669E+00 2.364903E-01 1.013473E+01
2.838353E+00 2.405972E-01 1.015756E+01
2.896192E+00 2.447693E-01 1.017905E+01
2.955209E+00 2.490075E-01 1.019925E+01
3.015430E+00 2.533125E-01 1.022337E+01
3.076877E+00 2.576852E-01 1.024614E+01
3.139577E+00 2.621263E-01 1.026759E+01
3.203554E+00 2.666366E-01 1.029023E+01
3.268835E+00 2.712169E-01 1.031401E+01
3.335446E+00 2.758680E-01 1.033645E+01
3.403415E+00 2.805907E-01 1.035997E+01
3.472769E+00 2.853857E-01 1.038450E+01
3.543536E+00 2.902539E-01 1.040999E+01
3.615745E+00 2.951961E-01 1.043409E+01
3.689425E+00 3.002130E-01 1.045684E+01
3.764607E+00 3.053055E-01 1.048273E+01
3.841321E+00 3.104743E-01 1.050722E+01
3.919598E+00 3.157202E-01 1.053253E+01
3.999471E+00 3.210441E-01 1.055645E+01
4.080970E+00 3.264467E-01 1.058114E+01
4.164131E+00 3.319287E-01 1.060863E+01
4.248987E+00 3.374910E-01 1.063262E+01
4.335571E+00 3.431344E-01 1.065932E+01
4.423920E+00 3.488596E-01 1.068460E+01
4.514069E+00 3.546673E-01 1.071047E+01
4.606055E+00 3.605584E-01 1.073689E+01
4.699916E+00 3.665336E-01 1.076381E+01
4.795690E+00 3.725937E-01 1.078931E+01
4.893415E+00 3.787394E-01 1.081715E+01
4.993131E+00 3.849714E-01 1.084354E+01
5.094880E+00 3.912905E-01 1.087034E+01
5.198701E+00 3.976975E-01 1.089750E+01
5.304639E+00 4.041929E-01 1.092321E+01
5.412735E+00 4.107776E-01 1.095103E+01
5.523034E+00 4.174522E-01 1.097738E+01
5.635581E+00 4.242175E-01 1.100573E+01
5.750421E+00 4.310741E-01 1.103258E+01
5.867601E+00 4.380226E-01 1.105966E+01
5.987169E+00 4.450638E-01 1.108857E+01
6.109174E+00 4.521983E-01 1.111598E+01
6.233665E+00 4.594268E-01 1.114352E+01
6.360692E+00 4.667497E-01 1.117116E+01
6.490308E+00 4.741679E-01 1.119888E+01
6.622566E+00 4.816817E-01 1.122666E+01
6.757518E+00 4.892920E-01 1.125447E+01
6.895221E+00 4.969991E-01 1.128229E+01
7.035730E+00 5.048036E-01 1.131010E+01
7.179101E+00 5.127061E-01 1.133787E+01
7.325395E+00 5.207072E-01 1.136703E+01
7.474669E+00 5.288072E-01 1.139464E+01
7.626986E+00 5.370066E-01 1.142215E+01
7.782406E+00 5.453060E-01 1.145095E+01
7.940994E+00 5.537058E-01 1.147957E+01
8.102813E+00 5.622063E-01 1.150664E+01
8.267929E+00 5.708080E-01 1.153489E+01
8.436410E+00 5.795113E-01 1.156424E+01
8.608325E+00 5.883164E-01 1.159201E+01
8.783743E+00 5.972238E-01 1.161953E+01
8.962735E+00 6.062337E-01 1.164807E+01
9.145375E+00 6.153465E-01 1.167629E+01
9.331736E+00 6.245623E-01 1.170419E+01
9.521895E+00 6.338814E-01 1.173298E+01
9.715930E+00 6.433040E-01 1.176017E+01
9.913918E+00 6.528302E-01 1.178821E+01
1.011594E+01 6.624603E-01 1.181704E+01
1.032208E+01 6.721943E-01 1.184425E+01
1.053242E+01 6.820324E-01 1.187220E+01
1.074705E+01 6.919745E-01 1.189969E+01
1.096605E+01 7.020207E-01 1.192784E+01
1.118951E+01 7.121710E-01 1.195549E+01
1.141752E+01 7.224253E-01 1.198263E+01
1.165019E+01 7.327837E-01 1.201035E+01
1.188759E+01 7.432459E-01 1.203859E+01
1.212983E+01 7.538118E-01 1.206518E+01
1.237701E+01 7.644813E-01 1.209332E+01
1.262923E+01 7.752542E-01 1.211980E+01
1.288658E+01 7.861302E-01 1.214773E+01
1.314918E+01 7.971089E-01 1.217400E+01
1.341713E+01 8.081902E-01 1.220165E+01
1.369054E+01 8.193737E-01 1.222762E+01
1.396952E+01 8.306588E-01 1.225489E+01
1.425419E+01 8.420453E-01 1.228145E+01
1.454465E+01 8.535326E-01 1.230826E+01
1.484104E+01 8.651202E-01 1.233433E+01
1.514347E+01 8.768076E-01 1.236060E+01
1.545205E+01 8.885941E-01 1.238611E+01
1.576693E+01 9.004791E-01 1.241268E+01
1.608823E+01 9.124620E-01 1.243845E+01
1.641607E+01 9.245419E-01 1.246342E+01
1.675059E+01 9.367182E-01 1.248935E+01
1.709193E+01 9.489901E-01 1.251444E+01
1.744022E+01 9.613565E-01 1.253956E+01
1.779561E+01 9.738168E-01 1.256466E+01
1.815824E+01 9.863699E-01 1.258973E+01
1.852827E+01 9.990148E-01 1.261391E+01
1.890583E+01 1.011750E+00 1.263885E+01
1.929109E+01 1.024576E+00 1.266286E+01
1.968419E+01 1.037490E+00 1.268676E+01
2.008531E+01 1.050491E+00 1.271131E+01
2.049460E+01 1.063579E+00 1.273490E+01
2.091224E+01 1.076752E+00 1.275830E+01
2.133838E+01 1.090008E+00 1.278150E+01
2.177321E+01 1.103346E+00 1.280447E+01
2.221689E+01 1.116766E+00 1.282794E+01
2.266962E+01 1.130264E+00 1.285039E+01
2.313158E+01 1.143841E+00 1.287257E+01
2.360295E+01 1.157494E+00 1.289515E+01
2.408392E+01 1.171222E+00 1.291669E+01
2.457469E+01 1.185024E+00 1.293860E+01
2.507547E+01 1.198896E+00 1.296014E+01
2.558645E+01 1.212839E+00 1.298197E+01
2.610784E+01 1.226849E+00 1.300273E+01
2.663986E+01 1.240926E+00 1.302373E+01
2.718272E+01 1.255067E+00 1.304430E+01
2.773664E+01 1.269271E+00 1.306441E+01
2.830185E+01 1.283535E+00 1.308471E+01
2.887857E+01 1.297858E+00 1.310451E+01
2.946705E+01 1.312237E+00 1.312381E+01
3.006752E+01 1.326671E+00 1.314322E+01
3.068023E+01 1.341157E+00 1.316209E+01
3.130542E+01 1.355693E+00 1.318042E+01
3.194335E+01 1.370278E+00 1.319879E+01
3.259428E+01 1.384908E+00 1.321718E+01
3.325848E+01 1.399582E+00 1.323497E+01
3.393621E+01 1.414297E+00 1.325273E+01
3.462775E+01 1.429050E+00 1.326987E+01
3.533338E+01 1.443841E+00 1.328695E+01
3.605340E+01 1.458665E+00 1.330338E+01
3.678808E+01 1.473522E+00 1.331970E+01
3.753774E+01 1.488407E+00 1.333590E+01
3.830267E+01 1.503320E+00 1.335195E+01
3.908319E+01 1.518256E+00 1.336730E+01
3.987961E+01 1.533214E+00 1.338247E+01
4.069227E+01 1.548191E+00 1.339744E+01
4.152148E+01 1.563185E+00 1.341168E+01
4.236759E+01 1.578192E+00 1.342619E+01
4.323095E+01 1.593211E+00 1.343995E+01
4.411189E+01 1.608237E+00 1.345345E+01
4.501079E+01 1.623270E+00 1.346666E+01
4.592801E+01 1.638305E+00 1.347958E+01
4.686391E+01 1.653341E+00 1.349218E+01
4.781889E+01 1.668374E+00 1.350446E+01
4.879333E+01 1.683402E+00 1.351639E+01
4.978762E+01 1.698422E+00 1.352797E+01
5.080218E+01 1.713431E+00 1.353917E+01
5.183741E+01 1.728426E+00 1.355000E+01
5.289374E+01 1.743404E+00 1.356043E+01
5.397159E+01 1.758363E+00 1.357045E+01
5.507141E+01 1.773300E+00 1.358049E+01
5.619363E+01 1.788211E+00 1.359010E+01
5.733873E+01 1.803094E+00 1.359925E+01
5.850716E+01 1.817947E+00 1.360795E+01
5.969940E+01 1.832766E+00 1.361619E+01
6.091593E+01 1.847548E+00 1.362436E+01
6.215726E+01 1.862290E+00 1.363205E+01
6.342388E+01 1.876991E+00 1.363964E+01
6.471631E+01 1.891646E+00 1.364671E+01
6.603508E+01 1.906253E+00 1.365327E+01
6.738072E+01 1.920809E+00 1.365969E+01
6.875379E+01 1.935311E+00 1.366558E+01
7.015483E+01 1.949757E+00 1.367130E+01
7.158442E+01 1.964144E+00 1.367647E+01
7.304315E+01 1.978468E+00 1.368144E+01
7.453160E+01 1.992728E+00 1.368585E+01
7.605038E+01 2.006920E+00 1.369005E+01
7.760011E+01 2.021041E+00 1.369403E+01
7.918142E+01 2.035090E+00 1.369741E+01
8.079495E+01 2.049063E+00 1.370055E+01
8.244137E+01 2.062957E+00 1.370343E+01
8.412133E+01 2.076770E+00 1.370571E+01
8.583553E+01 2.090500E+00 1.370771E+01
8.758466E+01 2.104143E+00 1.370943E+01
8.936943E+01 2.117698E+00 1.371086E+01
9.119057E+01 2.131161E+00 1.371166E+01
9.304882E+01 2.144531E+00 1.371247E+01
9.494494E+01 2.157805E+00 1.371264E+01
9.687970E+01 2.170979E+00 1.371250E+01
9.885389E+01 2.184053E+00 1.371202E+01
1.008683E+02 2.197024E+00 1.371120E+01
1.029238E+02 2.209888E+00 1.371005E+01
1.050211E+02 2.222645E+00 1.370854E+01
1.071612E+02 2.235292E+00 1.370667E+01
1.093449E+02 2.247827E+00 1.370444E+01
1.115731E+02 2.260247E+00 1.370214E+01
1.138467E+02 2.272551E+00 1.369917E+01
1.161666E+02 2.284736E+00 1.369582E+01
1.185338E+02 2.296801E+00 1.369238E+01
1.209493E+02 2.308743E+00 1.368855E+01
1.234139E+02 2.320561E+00 1.368405E+01
1.259288E+02 2.332253E+00 1.367971E+01
1.284950E+02 2.343817E+00 1.367469E+01
1.311134E+02 2.355251E+00 1.366955E+01
1.337852E+02 2.366554E+00 1.366400E+01
1.365114E+02 2.377724E+00 1.365804E+01
1.392932E+02 2.388759E+00 1.365168E+01
1.421317E+02 2.399658E+00 1.364516E+01
1.450280E+02 2.410420E+00 1.363823E+01
1.479833E+02 2.421043E+00 1.363114E+01
1.509989E+02 2.431525E+00 1.362363E+01
1.540759E+02 2.441865E+00 1.361570E+01
1.572156E+02 2.452063E+00 1.360760E+01
1.604193E+02 2.462117E+00 1.359932E+01
1.636883E+02 2.472025E+00 1.359062E+01
1.670238E+02 2.481787E+00 1.358149E+01
1.704274E+02 2.491401E+00 1.357218E+01
1.739003E+02 2.500867E+00 1.356245E+01
1.774440E+02 2.510184E+00 1.355253E+01
1.810599E+02 2.519351E+00 1.354219E+01
1.847495E+02 2.528367E+00 1.353166E+01
1.885142E+02 2.537231E+00 1.352093E+01
1.923557E+02 2.545943E+00 1.350978E+01
1.962755E+02 2.554501E+00 1.349843E+01
2.002751E+02 2.562907E+00 1.348689E+01
2.043563E+02 2.571158E+00 1.347492E+01
2.085206E+02 2.579254E+00 1.346276E+01
2.127698E+02 2.587195E+00 1.345039E+01
2.171055E+02 2.594981E+00 1.343762E+01
2.215296E+02 2.602612E+00 1.342464E+01
2.260439E+02 2.610086E+00 1.341146E+01
2.306501E+02 2.617404E+00 1.339789E+01
2.353502E+02 2.624566E+00 1.338411E+01
2.401461E+02 2.631572E+00 1.337013E+01
2.450398E+02 2.638421E+00 1.335596E+01
2.500331E+02 2.645114E+00 1.334139E+01
2.551282E+02 2.651650E+00 1.332682E+01
2.603271E+02 2.658030E+00 1.331187E+01
2.656320E+02 2.664254E+00 1.329672E+01
2.710449E+02 2.670322E+00 1.328119E+01
2.765682E+02 2.676234E+00 1.326566E+01
2.822040E+02 2.681991E+00 1.324976E+01
2.879547E+02 2.687593E+00 1.323386E+01
2.938225E+02 2.693040E+00 1.321759E+01
2.998100E+02 2.698333E+00 1.320114E+01
3.059194E+02 2.703472E+00 1.318434E+01
3.121533E+02 2.708458E+00 1.316753E+01
3.185143E+02 2.713291E+00 1.315055E+01
3.250049E+02 2.717972E+00 1.313323E+01
3.316277E+02 2.722502E+00 1.311575E+01
3.383855E+02 2.726880E+00 1.309826E+01
3.452810E+02 2.731109E+00 1.308045E+01
3.523171E+02 2.735188E+00 1.306248E+01
3.594965E+02 2.739119E+00 1.304420E+01
3.668222E+02 2.742902E+00 1.302592E+01
3.742972E+02 2.746538E+00 1.300749E+01
3.819245E+02 2.750028E+00 1.298877E+01
3.897072E+02 2.753373E+00 1.297005E+01
3.976485E+02 2.756574E+00 1.295105E+01
4.057517E+02 2.759632E+00 1.293191E+01
4.140200E+02 2.762547E+00 1.291265E+01
4.224567E+02 2.765322E+00 1.289325E+01
4.310654E+02 2.767956E+00 1.287374E+01
4.398495E+02 2.770452E+00 1.285411E+01
4.488126E+02 2.772810E+00 1.283421E+01
4.579584E+02 2.775031E+00 1.281436E+01
4.672905E+02 2.777116E+00 1.279425E+01
4.768128E+02 2.779067E+00 1.277405E+01
4.865292E+02 2.780885E+00 1.275374E+01
4.964435E+02 2.782572E+00 1.273335E+01
5.065599E+02 2.784127E+00 1.271287E+01
5.168824E+02 2.785554E+00 1.269230E+01
5.274153E+02 2.786852E+00 1.267152E+01
5.381628E+02 2.788023E+00 1.265066E+01
5.491293E+02 2.789069E+00 1.262973E+01
5.603193E+02 2.789992E+00 1.260874E+01
5.717373E+02 2.790791E+00 1.258769E+01
5.833879E+02 2.791469E+00 1.256645E+01
5.952760E+02 2.792027E+00 1.254529E+01
6.074064E+02 2.792467E+00 1.252395E+01
6.197839E+02 2.792789E+00 1.250244E+01
6.324137E+02 2.792996E+00 1.248102E+01
6.453008E+02 2.793089E+00 1.245944E+01
6.584505E+02 2.793069E+00 1.243784E+01
6.718682E+02 2.792937E+00 1.241621E+01
6.855593E+02 2.792695E+00 1.239444E+01
6.995295E+02 2.792346E+00 1.237265E+01
7.137842E+02 2.791889E+00 1.235086E+01
7.283295E+02 2.791326E+00 1.232894E+01
7.431712E+02 2.790660E+00 1.230702E+01
7.583153E+02 2.789891E+00 1.228511E+01
7.737680E+02 2.789021E+00 1.226309E+01
7.895356E+02 2.788052E+00 1.224109E+01
8.056245E+02 2.786985E+00 1.221898E+01
8.220413E+02 2.785821E+00 1.219691E+01
8.387926E+02 2.784562E+00 1.217486E+01
8.558852E+02 2.783210E+00 1.215273E+01
8.733262E+02 2.781766E+00 1.213053E+01
8.911225E+02 2.780231E+00 1.210837E+01
9.092815E+02 2.778607E+00 1.208626E+01
9.278106E+02 2.776896E+00 1.206398E+01
9.467172E+02 2.775099E+00 1.204187E+01
9.660091E+02 2.773218E+00 1.201971E+01
9.856941E+02 2.771254E+00 1.199751E+01
1.005780E+03 2.769208E+00 1.197527E+01
1.026276E+03 2.767082E+00 1.195311E+01
1.047189E+03 2.764878E+00 1.193092E+01
1.068528E+03 2.762597E+00 1.190882E+01
1.090302E+03 2.760240E+00 1.188671E+01
1.112520E+03 2.757810E+00 1.186458E+01
1.135191E+03 2.755306E+00 1.184245E+01
1.158323E+03 2.752732E+00 1.182043E+01
1.181927E+03 2.750089E+00 1.179841E+01
1.206012E+03 2.747377E+00 1.177640E+01
1.230588E+03 2.744598E+00 1.175441E+01
1.255664E+03 2.741754E+00 1.173244E+01
1.281252E+03 2.738847E+00 1.171049E+01
1.307361E+03 2.735877E+00 1.168868E+01
1.334002E+03 2.732846E+00 1.166679E+01
1.361186E+03 2.729756E+00 1.164506E+01
1.388924E+03 2.726607E+00 1.162326E+01
1.417227E+03 2.723402E+00 1.160162E+01
1.446106E+03 2.720141E+00 1.157994E+01
1.475575E+03 2.716826E+00 1.155841E+01
1.505643E+03 2.713459E+00 1.153685E+01
1.536325E+03 2.710041E+00 1.151546E+01
1.567632E+03 2.706573E+00 1.149404E+01
1.599576E+03 2.703056E+00 1.147271E+01
1.632172E+03 2.699492E+00 1.145145E+01
1.665432E+03 2.695882E+00 1.143019E+01
1.699370E+03 2.692227E+00 1.140902E+01
1.733999E+03 2.688530E+00 1.138805E+01
1.769334E+03 2.684790E+00 1.136699E+01
1.805389E+03 2.681010E+00 1.134613E+01
1.842178E+03 2.677190E+00 1.132528E+01
1.879718E+03 2.673332E+00 1.130456E+01
1.918022E+03 2.669437E+00 1.128385E+01
1.957107E+03 2.665507E+00 1.126328E+01
1.996988E+03 2.661542E+00 1.124283E+01
2.037682E+03 2.657544E+00 1.122242E+01
2.079205E+03 2.653514E+00 1.120215E+01
2.121575E+03 2.649453E+00 1.118193E+01
2.164807E+03 2.645362E+00 1.116175E+01
2.208921E+03 2.641243E+00 1.114174E+01
2.253934E+03 2.637097E+00 1.112187E+01
2.299864E+03 2.632925E+00 1.110207E+01
2.346730E+03 2.628728E+00 1.108235E+01
2.394551E+03 2.624506E+00 1.106269E+01
2.443346E+03 2.620263E+00 1.104321E+01
2.493136E+03 2.615997E+00 1.102381E+01
2.543940E+03 2.611711E+00 1.100450E+01
2.595780E+03 2.607406E+00 1.098538E+01
2.648676E+03 2.603082E+00 1.096625E+01
2.702650E+03 2.598741E+00 1.094732E+01
2.757723E+03 2.594383E+00 1.092849E+01
2.813919E+03 2.590011E+00 1.090977E+01
2.871260E+03 2.585624E+00 1.089116E+01
2.929770E+03 2.581224E+00 1.087267E+01
2.989472E+03 2.576812E+00 1.085430E+01
3.050391E+03 2.572389E+00 1.083605E+01
3.112550E+03 2.567955E+00 1.081802E+01
3.175977E+03 2.563513E+00 1.080003E+01
3.240696E+03 2.559062E+00 1.078217E+01
3.306734E+03 2.554604E+00 1.076446E+01
3.374117E+03 2.550139E+00 1.074679E+01
3.442874E+03 2.545669E+00 1.072936E+01
3.513032E+03 2.541195E+00 1.071208E+01
3.584619E+03 2.536717E+00 1.069486E+01
3.657666E+03 2.532236E+00 1.067780E+01
3.732200E+03 2.527753E+00 1.066090E+01
3.808254E+03 2.523270E+00 1.064408E+01
3.885857E+03 2.518786E+00 1.062742E+01
3.965042E+03 2.514303E+00 1.061093E+01
4.045841E+03 2.509822E+00 1.059452E+01
4.128285E+03 2.505343E+00 1.057830E+01
4.212410E+03 2.500867E+00 1.056225E+01
4.298249E+03 2.496396E+00 1.054630E+01
4.385838E+03 2.491929E+00 1.053053E+01
4.475211E+03 2.487468E+00 1.051486E+01
4.566405E+03 2.483013E+00 1.049939E+01
4.659458E+03 2.478565E+00 1.048402E+01
4.754407E+03 2.474126E+00 1.046877E+01
4.851291E+03 2.469695E+00 1.045371E+01
4.950149E+03 2.465273E+00 1.043887E+01
5.051022E+03 2.460861E+00 1.042414E+01
5.153950E+03 2.456461E+00 1.040953E+01
5.258975E+03 2.452072E+00 1.039504E+01
5.366141E+03 2.447695E+00 1.038078E+01
5.475490E+03 2.443331E+00 1.036664E+01
5.587068E+03 2.438980E+00 1.035264E+01
5.700920E+03 2.434644E+00 1.033877E+01
5.817091E+03 2.430323E+00 1.032513E+01
5.935630E+03 2.426017E+00 1.031164E+01
6.056585E+03 2.421727E+00 1.029828E+01
6.180004E+03 2.417455E+00 1.028508E+01
6.305938E+03 2.413199E+00 1.027202E+01
6.434438E+03 2.408962E+00 1.025911E+01
6.565557E+03 2.404743E+00 1.024636E+01
6.699348E+03 2.400543E+00 1.023385E+01
6.835865E+03 2.396363E+00 1.022141E+01
6.975164E+03 2.392203E+00 1.020914E+01
7.117302E+03 2.388065E+00 1.019702E+01
7.262336E+03 2.383947E+00 1.018517E+01
7.410326E+03 2.379852E+00 1.017339E+01
7.561331E+03 2.375779E+00 1.016178E+01
7.715413E+03 2.371728E+00 1.015034E+01
7.872636E+03 2.367702E+00 1.013908E+01
8.033062E+03 2.363699E+00 1.012790E+01
8.196757E+03 2.359721E+00 1.011699E+01
8.363788E+03 2.355767E+00 1.010617E+01
8.534222E+03 2.351839E+00 1.009554E+01
8.708130E+03 2.347937E+00 1.008509E+01
8.885582E+03 2.344061E+00 1.007473E+01
9.066649E+03 2.340212E+00 1.006466E+01
9.251406E+03 2.336390E+00 1.005468E+01
9.439929E+03 2.332596E+00 1.004480E+01
9.632292E+03 2.328829E+00 1.003512E+01
9.828576E+03 2.325091E+00 1.002563E+01
1.002886E+04 2.321382E+00 1.001634E+01
1.023322E+04 2.317701E+00 1.000715E+01
1.044175E+04 2.314051E+00 9.998166E+00
1.065453E+04 2.310430E+00 9.989291E+00
1.087165E+04 2.306839E+00 9.980619E+00
1.109319E+04 2.303279E+00 9.972059E+00
1.131924E+04 2.299750E+00 9.963706E+00
1.154990E+04 2.296252E+00 9.955560E+00
1.178526E+04 2.292785E+00 9.947438E+00
1.202542E+04 2.289351E+00 9.939619E+00
1.227047E+04 2.285948E+00 9.931825E+00
1.252051E+04 2.282578E+00 9.924338E+00
1.277565E+04 2.279241E+00 9.916877E+00
1.303599E+04 2.275937E+00 9.909632E+00
1.330163E+04 2.272666E+00 9.902510E+00
1.357269E+04 2.269428E+00 9.895605E+00
1.384927E+04 2.266224E+00 9.888825E+00
1.413148E+04 2.263054E+00 9.882170E+00
1.441945E+04 2.259919E+00 9.875737E+00
1.471328E+04 2.256818E+00 9.869430E+00
1.501311E+04 2.253751E+00 9.863251E+00
1.531904E+04 2.250719E+00 9.857297E+00
1.563121E+04 2.247722E+00 9.851376E+00
1.594973E+04 2.244761E+00 9.845680E+00
1.627475E+04 2.241834E+00 9.840115E+00
1.660639E+04 2.238943E+00 9.834777E+00
1.694479E+04 2.236088E+00 9.829476E+00
1.729009E+04 2.233269E+00 9.824402E+00
1.764242E+04 2.230485E+00 9.819461E+00
1.800193E+04 2.227738E+00 9.814654E+00
1.836877E+04 2.225027E+00 9.809980E+00
1.874308E+04 2.222352E+00 9.805441E+00
1.912502E+04 2.219713E+00 9.801035E+00
1.951475E+04 2.217111E+00 9.796862E+00
1.991241E+04 2.214546E+00 9.792726E+00
2.031818E+04 2.212017E+00 9.788823E+00
2.073222E+04 2.209525E+00 9.784958E+00
2.115469E+04 2.207069E+00 9.781326E+00
2.158578E+04 2.204650E+00 9.777732E+00
2.202565E+04 2.202269E+00 9.774372E+00
2.247448E+04 2.199923E+00 9.771050E+00
2.293246E+04 2.197615E+00 9.767962E+00
2.339977E+04 2.195344E+00 9.764911E+00
2.387660E+04 2.193109E+00 9.762095E+00
2.436315E+04 2.190912E+00 9.759317E+00
2.485961E+04 2.188751E+00 9.756674E+00
2.536619E+04 2.186627E+00 9.754266E+00
2.588310E+04 2.184540E+00 9.751894E+00
2.641054E+04 2.182489E+00 9.749658E+00
2.694872E+04 2.180475E+00 9.747457E+00
2.749787E+04 2.178498E+00 9.745492E+00
2.805822E+04 2.176558E+00 9.743661E+00
2.862998E+04 2.174653E+00 9.741864E+00
2.921339E+04 2.172786E+00 9.740201E+00
2.980869E+04 2.170954E+00 9.738774E+00
3.041612E+04 2.169159E+00 9.737277E+00
3.103593E+04 2.167400E+00 9.736015E+00
3.166838E+04 2.165677E+00 9.734886E+00
3.231370E+04 2.163989E+00 9.733788E+00
3.297218E+04 2.162338E+00 9.732822E+00
3.364408E+04 2.160722E+00 9.731987E+00
3.432967E+04 2.159141E+00 9.731181E+00
3.502923E+04 2.157596E+00 9.730506E+00
3.574304E+04 2.156086E+00 9.729960E+00
3.647140E+04 2.154610E+00 9.729544E+00
3.721460E+04 2.153170E+00 9.729257E+00
3.797295E+04 2.151764E+00 9.728995E+00
3.874675E+04 2.150392E+00 9.728758E+00
3.953632E+04 2.149055E+00 9.728751E+00
4.034198E+04 2.147752E+00 9.728766E+00
4.116405E+04 2.146482E+00 9.728908E+00
4.200288E+04 2.145246E+00 9.729070E+00
4.285880E+04 2.144044E+00 9.729357E+00
4.373217E+04 2.142874E+00 9.729768E+00
4.462333E+04 2.141737E+00 9.730197E+00
4.553265E+04 2.140633E+00 9.730749E+00
4.646050E+04 2.139561E+00 9.731422E+00
4.740725E+04 2.138522E+00 9.732111E+00
4.837330E+04 2.137514E+00 9.732920E+00
4.935904E+04 2.136537E+00 9.733743E+00
5.036486E+04 2.135592E+00 9.734684E+00
5.139118E+04 2.134678E+00 9.735744E+00
5.243842E+04 2.133795E+00 9.736814E+00
5.350699E+04 2.132942E+00 9.737894E+00
5.459734E+04 2.132120E+00 9.739197E+00
5.570990E+04 2.131327E+00 9.740401E+00
5.684514E+04 2.130563E+00 9.741825E+00
5.800352E+04 2.129829E+00 9.743149E+00
5.918549E+04 2.129124E+00 9.744692E+00
6.039156E+04 2.128447E+00 9.746132E+00
6.162220E+04 2.127799E+00 9.747789E+00
6.287791E+04 2.127178E+00 9.749342E+00
6.415922E+04 2.126586E+00 9.751111E+00
6.546664E+04 2.126020E+00 9.752773E+00
6.680069E+04 2.125481E+00 9.754650E+00
6.816194E+04 2.124969E+00 9.756417E+00
6.955092E+04 2.124483E+00 9.758289E+00
7.096821E+04 2.124023E+00 9.760266E+00
7.241437E+04 2.123589E+00 9.762239E+00
7.389001E+04 2.123179E+00 9.764206E+00
7.539572E+04 2.122795E+00 9.766276E+00
7.693211E+04 2.122435E+00 9.768447E+00
7.849981E+04 2.122099E+00 9.770500E+00
8.009945E+04 2.121786E+00 9.772763E+00
8.173169E+04 2.121497E+00 9.774906E+00
8.339719E+04 2.121231E+00 9.777147E+00
8.509664E+04 2.120988E+00 9.779376E+00
8.683071E+04 2.120767E+00 9.781702E+00
8.860012E+04 2.120568E+00 9.784014E+00
9.040558E+04 2.120390E+00 9.786421E+00
9.224784E+04 2.120233E+00 9.788812E+00
9.412763E+04 2.120097E+00 9.791187E+00
9.604574E+04 2.119982E+00 9.793655E+00
9.800293E+04 2.119886E+00 9.796104E+00
1.000000E+05 2.119810E+00 9.798535E+00
