1.000000E-04 4.625281E+00 1.852015E+02
1.013036E-04 4.590670E+00 1.841395E+02
1.026242E-04 4.556279E+00 1.830838E+02
1.039620E-04 4.522107E+00 1.820342E+02
1.053172E-04 4.488154E+00 1.809907E+02
1.066901E-04 4.454418E+00 1.799532E+02
1.080809E-04 4.420899E+00 1.789218E+02
1.094899E-04 4.387596E+00 1.778964E+02
1.109172E-04 4.354507E+00 1.768770E+02
1.123631E-04 4.321632E+00 1.758635E+02
1.138279E-04 4.288969E+00 1.748559E+02
1.153117E-04 4.256518E+00 1.738541E+02
1.168149E-04 4.224278E+00 1.728582E+02
1.183377E-04 4.192247E+00 1.718680E+02
1.198803E-04 4.160425E+00 1.708836E+02
1.214431E-04 4.131194E+00 1.703455E+02
1.230262E-04 4.099903E+00 1.693709E+02
1.246300E-04 4.068806E+00 1.684019E+02
1.262547E-04 4.037910E+00 1.674385E+02
1.279005E-04 4.007214E+00 1.664807E+02
1.295678E-04 3.976718E+00 1.655284E+02
1.312568E-04 3.946422E+00 1.645817E+02
1.329679E-04 3.916325E+00 1.636404E+02
1.347013E-04 3.886426E+00 1.627046E+02
1.364572E-04 3.856724E+00 1.617742E+02
1.382361E-04 3.827218E+00 1.608492E+02
1.400381E-04 3.797908E+00 1.599295E+02
1.418636E-04 3.768792E+00 1.590151E+02
1.437130E-04 3.739869E+00 1.581061E+02
1.455864E-04 3.711139E+00 1.572023E+02
1.474842E-04 3.682601E+00 1.563037E+02
1.494068E-04 3.654252E+00 1.554103E+02
1.513545E-04 3.626094E+00 1.545220E+02
1.533276E-04 3.599887E+00 1.540536E+02
1.553263E-04 3.572218E+00 1.531741E+02
1.573511E-04 3.544717E+00 1.522997E+02
1.594024E-04 3.517396E+00 1.514303E+02
1.614803E-04 3.490257E+00 1.505659E+02
1.635854E-04 3.463300E+00 1.497065E+02
1.657179E-04 3.436524E+00 1.488521E+02
1.678782E-04 3.409928E+00 1.480026E+02
1.700666E-04 3.383512E+00 1.471580E+02
1.722836E-04 3.357275E+00 1.463182E+02
1.745295E-04 3.331215E+00 1.454833E+02
1.768046E-04 3.305333E+00 1.446532E+02
1.791094E-04 3.279627E+00 1.438278E+02
1.814443E-04 3.254095E+00 1.430072E+02
1.838096E-04 3.228738E+00 1.421913E+02
1.862057E-04 3.203554E+00 1.413802E+02
1.886331E-04 3.178543E+00 1.405736E+02
1.910921E-04 3.155100E+00 1.401644E+02
1.935832E-04 3.130524E+00 1.393658E+02
1.961067E-04 3.106107E+00 1.385717E+02
1.986631E-04 3.081854E+00 1.377822E+02
2.012529E-04 3.057766E+00 1.369973E+02
2.038764E-04 3.033843E+00 1.362168E+02
2.065341E-04 3.010086E+00 1.354408E+02
2.092265E-04 2.986492E+00 1.346693E+02
2.119540E-04 2.963061E+00 1.339022E+02
2.147170E-04 2.939793E+00 1.331395E+02
2.175160E-04 2.916685E+00 1.323812E+02
2.203516E-04 2.893739E+00 1.316272E+02
2.232241E-04 2.870952E+00 1.308775E+02
2.261340E-04 2.848324E+00 1.301321E+02
2.290819E-04 2.825853E+00 1.293910E+02
2.320682E-04 2.803540E+00 1.286541E+02
2.350934E-04 2.782547E+00 1.282955E+02
2.381581E-04 2.760621E+00 1.275658E+02
2.412627E-04 2.738844E+00 1.268402E+02
2.444078E-04 2.717218E+00 1.261188E+02
2.475938E-04 2.695744E+00 1.254016E+02
2.508215E-04 2.674420E+00 1.246884E+02
2.540912E-04 2.653246E+00 1.239793E+02
2.574035E-04 2.632221E+00 1.232743E+02
2.607590E-04 2.611345E+00 1.225733E+02
2.641582E-04 2.590616E+00 1.218763E+02
2.676018E-04 2.570034E+00 1.211833E+02
2.710902E-04 2.549598E+00 1.204942E+02
2.746241E-04 2.529307E+00 1.198091E+02
2.782041E-04 2.509160E+00 1.191278E+02
2.818308E-04 2.490084E+00 1.188097E+02
2.855047E-04 2.470295E+00 1.181350E+02
2.892265E-04 2.450641E+00 1.174642E+02
2.929968E-04 2.431125E+00 1.167973E+02
2.968163E-04 2.411747E+00 1.161341E+02
3.006856E-04 2.392508E+00 1.154747E+02
3.046053E-04 2.373406E+00 1.148191E+02
3.085762E-04 2.354441E+00 1.141672E+02
3.125987E-04 2.335613E+00 1.135190E+02
3.166738E-04 2.316920E+00 1.128745E+02
3.208019E-04 2.298361E+00 1.122337E+02
3.249839E-04 2.279936E+00 1.115965E+02
3.292203E-04 2.261644E+00 1.109629E+02
3.335120E-04 2.243484E+00 1.103330E+02
3.378597E-04 2.226271E+00 1.100520E+02
3.422640E-04 2.208433E+00 1.094281E+02
3.467257E-04 2.190722E+00 1.088078E+02
3.512456E-04 2.173138E+00 1.081910E+02
3.558244E-04 2.155682E+00 1.075776E+02
3.604629E-04 2.138353E+00 1.069678E+02
3.651619E-04 2.121150E+00 1.063614E+02
3.699221E-04 2.104072E+00 1.057585E+02
3.747444E-04 2.087119E+00 1.051590E+02
3.796296E-04 2.070290E+00 1.045629E+02
3.845784E-04 2.053584E+00 1.039702E+02
3.895918E-04 2.037000E+00 1.033808E+02
3.946704E-04 2.021199E+00 1.031296E+02
3.998153E-04 2.004915E+00 1.025459E+02
4.050273E-04 1.988746E+00 1.019655E+02
4.103072E-04 1.972696E+00 1.013884E+02
4.156560E-04 1.956763E+00 1.008145E+02
4.210744E-04 1.940947E+00 1.002439E+02
4.265635E-04 1.925249E+00 9.967656E+01
4.321242E-04 1.909666E+00 9.911243E+01
4.377573E-04 1.894198E+00 9.855148E+01
4.434639E-04 1.878845E+00 9.799372E+01
4.492449E-04 1.863605E+00 9.743912E+01
4.551012E-04 1.848479E+00 9.688766E+01
4.610339E-04 1.834045E+00 9.666401E+01
4.670439E-04 1.819194E+00 9.611779E+01
4.731323E-04 1.804450E+00 9.557466E+01
4.793000E-04 1.789816E+00 9.503461E+01
4.855481E-04 1.775291E+00 9.449761E+01
4.918777E-04 1.760874E+00 9.396364E+01
4.982898E-04 1.746565E+00 9.343270E+01
5.047855E-04 1.732363E+00 9.290477E+01
5.113658E-04 1.718267E+00 9.237982E+01
5.180320E-04 1.704278E+00 9.185784E+01
5.247850E-04 1.690393E+00 9.133881E+01
5.316261E-04 1.677111E+00 9.113888E+01
5.385563E-04 1.663482E+00 9.062476E+01
5.455769E-04 1.649952E+00 9.011354E+01
5.526890E-04 1.636524E+00 8.960521E+01
5.598938E-04 1.623197E+00 8.909975E+01
5.671926E-04 1.609971E+00 8.859714E+01
5.745865E-04 1.596845E+00 8.809738E+01
5.820767E-04 1.583818E+00 8.760043E+01
5.896647E-04 1.570890E+00 8.710629E+01
5.973515E-04 1.558059E+00 8.661495E+01
6.051385E-04 1.545739E+00 8.643539E+01
6.130271E-04 1.533151E+00 8.594866E+01
6.210185E-04 1.520653E+00 8.546467E+01
6.291140E-04 1.508250E+00 8.498342E+01
6.373151E-04 1.495940E+00 8.450488E+01
6.456231E-04 1.483725E+00 8.402905E+01
6.540394E-04 1.471602E+00 8.355589E+01
6.625655E-04 1.459573E+00 8.308541E+01
6.712026E-04 1.447635E+00 8.261757E+01
6.799524E-04 1.435789E+00 8.215238E+01
6.888162E-04 1.424401E+00 8.199200E+01
6.977956E-04 1.412779E+00 8.153115E+01
7.068920E-04 1.401243E+00 8.107290E+01
7.161070E-04 1.389795E+00 8.061723E+01
7.254421E-04 1.378434E+00 8.016413E+01
7.348990E-04 1.367161E+00 7.971358E+01
7.444791E-04 1.355975E+00 7.926557E+01
7.541841E-04 1.344876E+00 7.882008E+01
7.640156E-04 1.333862E+00 7.837710E+01
7.739752E-04 1.322933E+00 7.793662E+01
7.840647E-04 1.312438E+00 7.779429E+01
7.942857E-04 1.301716E+00 7.735790E+01
8.046400E-04 1.291075E+00 7.692396E+01
8.151292E-04 1.280517E+00 7.649246E+01
8.257552E-04 1.270041E+00 7.606340E+01
8.365197E-04 1.259646E+00 7.563674E+01
8.474245E-04 1.249332E+00 7.521249E+01
8.584715E-04 1.239098E+00 7.479062E+01
8.696625E-04 1.228944E+00 7.437113E+01
8.809994E-04 1.219183E+00 7.424428E+01
8.924840E-04 1.209222E+00 7.382866E+01
9.041184E-04 1.199339E+00 7.341537E+01
9.159044E-04 1.189532E+00 7.300441E+01
9.278441E-04 1.179802E+00 7.259576E+01
9.399394E-04 1.170149E+00 7.218940E+01
9.521924E-04 1.160571E+00 7.178533E+01
9.646052E-04 1.151069E+00 7.138353E+01
9.771797E-04 1.141900E+00 7.126990E+01
9.899182E-04 1.132583E+00 7.087179E+01
1.002823E-03 1.123336E+00 7.047591E+01
1.015895E-03 1.114161E+00 7.008225E+01
1.029139E-03 1.105059E+00 6.969081E+01
1.042554E-03 1.096028E+00 6.930156E+01
1.056145E-03 1.087069E+00 6.891450E+01
1.069913E-03 1.078180E+00 6.852961E+01
1.083860E-03 1.069362E+00 6.814689E+01
1.097989E-03 1.060876E+00 6.804720E+01
1.112303E-03 1.052228E+00 6.766796E+01
1.126803E-03 1.043649E+00 6.729084E+01
1.141492E-03 1.035137E+00 6.691584E+01
1.156372E-03 1.026693E+00 6.654295E+01
1.171446E-03 1.018317E+00 6.617215E+01
1.186717E-03 1.010007E+00 6.580342E+01
1.202187E-03 1.001763E+00 6.543677E+01
1.217859E-03 9.938271E-01 6.534900E+01
1.233735E-03 9.857441E-01 6.498566E+01
1.249818E-03 9.777252E-01 6.462436E+01
1.266110E-03 9.697704E-01 6.426508E+01
1.282615E-03 9.618793E-01 6.390782E+01
1.299335E-03 9.540514E-01 6.355255E+01
1.316273E-03 9.462862E-01 6.319928E+01
1.333432E-03 9.387875E-01 6.312167E+01
1.350815E-03 9.311761E-01 6.277157E+01
1.368424E-03 9.236244E-01 6.242343E+01
1.386263E-03 9.161332E-01 6.207723E+01
1.404334E-03 9.087023E-01 6.173298E+01
1.422641E-03 9.013314E-01 6.139065E+01
1.441186E-03 8.940198E-01 6.105025E+01
1.459973E-03 8.867671E-01 6.071174E+01
1.479006E-03 8.797809E-01 6.064498E+01
1.498286E-03 8.726720E-01 6.030949E+01
1.517817E-03 8.656202E-01 5.997587E+01
1.537604E-03 8.586255E-01 5.964412E+01
1.557648E-03 8.516874E-01 5.931423E+01
1.577953E-03 8.448056E-01 5.898619E+01
1.598523E-03 8.379795E-01 5.865998E+01
1.619361E-03 8.314007E-01 5.860246E+01
1.640471E-03 8.247110E-01 5.827912E+01
1.661856E-03 8.180754E-01 5.795759E+01
1.683520E-03 8.114938E-01 5.763786E+01
1.705467E-03 8.049658E-01 5.731992E+01
1.727699E-03 7.984910E-01 5.700375E+01
1.750221E-03 7.922260E-01 5.695408E+01
1.773037E-03 7.858830E-01 5.664067E+01
1.796150E-03 7.795901E-01 5.632902E+01
1.819565E-03 7.733486E-01 5.601911E+01
1.843284E-03 7.671581E-01 5.571092E+01
1.867313E-03 7.610183E-01 5.540446E+01
1.891655E-03 7.549287E-01 5.509971E+01
1.916315E-03 7.490470E-01 5.505854E+01
1.941296E-03 7.430812E-01 5.475642E+01
1.966603E-03 7.371640E-01 5.445599E+01
1.992239E-03 7.312953E-01 5.415724E+01
2.018210E-03 7.254750E-01 5.386015E+01
2.044519E-03 7.197024E-01 5.356471E+01
2.071171E-03 7.141164E-01 5.353077E+01
2.098171E-03 7.084629E-01 5.323787E+01
2.125523E-03 7.028548E-01 5.294660E+01
2.153231E-03 6.972930E-01 5.265695E+01
2.181300E-03 6.917771E-01 5.236891E+01
2.209736E-03 6.863067E-01 5.208248E+01
2.238541E-03 6.810079E-01 5.205549E+01
2.267723E-03 6.756519E-01 5.177148E+01
2.297285E-03 6.703385E-01 5.148906E+01
2.327232E-03 6.650690E-01 5.120820E+01
2.357570E-03 6.598433E-01 5.092891E+01
2.388303E-03 6.546609E-01 5.065117E+01
2.419437E-03 6.496414E-01 5.063085E+01
2.450976E-03 6.445679E-01 5.035544E+01
2.482927E-03 6.395352E-01 5.008155E+01
2.515294E-03 6.345443E-01 4.980919E+01
2.548084E-03 6.295949E-01 4.953834E+01
2.581300E-03 6.246868E-01 4.926900E+01
2.614950E-03 6.199380E-01 4.925507E+01
2.649038E-03 6.151332E-01 4.898795E+01
2.683571E-03 6.103678E-01 4.872231E+01
2.718554E-03 6.056422E-01 4.845815E+01
2.753993E-03 6.009560E-01 4.819545E+01
2.789894E-03 5.963090E-01 4.793421E+01
2.826263E-03 5.918216E-01 4.792641E+01
2.863106E-03 5.872728E-01 4.766729E+01
2.900429E-03 5.827620E-01 4.740962E+01
2.938239E-03 5.782889E-01 4.715336E+01
2.976542E-03 5.738534E-01 4.689853E+01
3.015344E-03 5.695601E-01 4.689594E+01
3.054651E-03 5.652195E-01 4.664316E+01
3.094472E-03 5.609147E-01 4.639177E+01
3.134811E-03 5.566462E-01 4.614177E+01
3.175676E-03 5.524135E-01 4.589316E+01
3.217074E-03 5.482164E-01 4.564592E+01
3.259012E-03 5.441690E-01 4.564895E+01
3.301496E-03 5.400620E-01 4.540366E+01
3.344534E-03 5.359896E-01 4.515973E+01
3.388133E-03 5.319515E-01 4.491715E+01
3.432301E-03 5.279475E-01 4.467590E+01
3.477044E-03 5.240835E-01 4.468373E+01
3.522371E-03 5.201662E-01 4.444436E+01
3.568288E-03 5.162820E-01 4.420631E+01
3.614804E-03 5.124306E-01 4.396957E+01
3.661927E-03 5.086118E-01 4.373413E+01
3.709663E-03 5.049265E-01 4.374659E+01
3.758022E-03 5.011911E-01 4.351295E+01
3.807012E-03 4.974873E-01 4.328060E+01
3.856640E-03 4.938150E-01 4.304952E+01
3.906914E-03 4.901737E-01 4.281972E+01
3.957845E-03 4.866624E-01 4.283661E+01
4.009439E-03 4.831013E-01 4.260853E+01
4.061706E-03 4.795706E-01 4.238169E+01
4.114654E-03 4.760699E-01 4.215611E+01
4.168292E-03 4.726789E-01 4.217682E+01
4.222630E-03 4.692567E-01 4.195289E+01
4.277676E-03 4.658629E-01 4.173019E+01
4.333440E-03 4.624980E-01 4.150871E+01
4.389930E-03 4.591618E-01 4.128845E+01
4.447157E-03 4.559375E-01 4.131325E+01
4.505130E-03 4.526762E-01 4.109457E+01
4.563858E-03 4.494426E-01 4.087708E+01
4.623353E-03 4.462367E-01 4.066078E+01
4.683622E-03 4.430582E-01 4.044567E+01
4.744678E-03 4.399954E-01 4.047437E+01
4.806529E-03 4.368887E-01 4.026076E+01
4.869187E-03 4.338087E-01 4.004833E+01
4.932661E-03 4.307551E-01 3.983704E+01
4.996963E-03 4.278052E-01 3.986915E+01
5.062103E-03 4.248214E-01 3.965932E+01
5.128093E-03 4.218630E-01 3.945063E+01
5.194942E-03 4.189301E-01 3.924308E+01
5.262663E-03 4.160907E-01 3.927846E+01
5.331267E-03 4.132260E-01 3.907230E+01
5.400765E-03 4.103853E-01 3.886726E+01
5.471169E-03 4.075691E-01 3.866333E+01
5.542491E-03 4.047771E-01 3.846051E+01
5.614742E-03 4.020886E-01 3.849928E+01
5.687936E-03 3.993616E-01 3.829778E+01
5.762083E-03 3.966580E-01 3.809737E+01
5.837198E-03 3.939778E-01 3.789804E+01
5.913291E-03 3.913952E-01 3.793980E+01
5.990376E-03 3.887780E-01 3.774174E+01
6.068467E-03 3.861834E-01 3.754475E+01
6.147575E-03 3.836113E-01 3.734882E+01
6.227714E-03 3.811324E-01 3.739344E+01
6.308898E-03 3.786213E-01 3.719871E+01
6.391141E-03 3.761319E-01 3.700504E+01
6.474455E-03 3.736641E-01 3.681241E+01
6.558856E-03 3.712870E-01 3.685975E+01
6.644357E-03 3.688784E-01 3.666827E+01
6.730972E-03 3.664907E-01 3.647782E+01
6.818717E-03 3.641237E-01 3.628838E+01
6.907605E-03 3.618462E-01 3.633832E+01
6.997652E-03 3.595366E-01 3.614998E+01
7.088873E-03 3.572470E-01 3.596265E+01
7.181284E-03 3.549774E-01 3.577632E+01
7.274898E-03 3.527976E-01 3.582871E+01
7.369734E-03 3.505835E-01 3.564342E+01
7.465805E-03 3.483888E-01 3.545912E+01
7.563129E-03 3.462688E-01 3.551381E+01
7.661721E-03 3.441289E-01 3.533050E+01
7.761599E-03 3.420071E-01 3.514816E+01
7.862779E-03 3.399039E-01 3.496680E+01
7.965278E-03 3.378788E-01 3.502369E+01
8.069113E-03 3.358283E-01 3.484326E+01
8.174301E-03 3.337957E-01 3.466379E+01
8.280861E-03 3.317809E-01 3.448527E+01
8.388810E-03 3.298483E-01 3.454422E+01
8.498166E-03 3.278845E-01 3.436658E+01
8.608947E-03 3.259379E-01 3.418989E+01
8.721173E-03 3.240627E-01 3.425084E+01
8.834862E-03 3.221662E-01 3.407498E+01
8.950032E-03 3.202861E-01 3.390005E+01
9.066705E-03 3.184226E-01 3.372604E+01
9.184898E-03 3.166369E-01 3.378879E+01
9.304631E-03 3.148216E-01 3.361556E+01
9.425926E-03 3.130224E-01 3.344325E+01
9.548802E-03 3.112925E-01 3.350780E+01
9.673280E-03 3.095406E-01 3.333622E+01
9.799380E-03 3.078041E-01 3.316556E+01
9.927124E-03 3.060827E-01 3.299579E+01
1.005653E-02 3.044392E-01 3.306184E+01
1.018763E-02 3.027637E-01 3.289276E+01
1.032044E-02 3.011030E-01 3.272457E+01
1.045497E-02 2.995136E-01 3.279221E+01
1.059126E-02 2.978977E-01 3.262466E+01
1.072933E-02 2.962960E-01 3.245799E+01
1.086920E-02 2.947602E-01 3.252713E+01
1.101089E-02 2.932023E-01 3.236106E+01
1.115442E-02 2.916581E-01 3.219587E+01
1.129983E-02 2.901752E-01 3.226640E+01
1.144714E-02 2.886739E-01 3.210176E+01
1.159636E-02 2.871857E-01 3.193799E+01
1.174753E-02 2.857551E-01 3.200982E+01
1.190067E-02 2.843091E-01 3.184657E+01
1.205581E-02 2.828755E-01 3.168416E+01
1.221297E-02 2.814545E-01 3.152261E+01
1.237217E-02 2.801042E-01 3.159527E+01
1.253346E-02 2.787238E-01 3.143419E+01
1.269684E-02 2.773555E-01 3.127396E+01
1.286236E-02 2.760560E-01 3.134769E+01
1.303003E-02 2.747273E-01 3.118789E+01
1.319989E-02 2.734104E-01 3.102892E+01
1.337196E-02 2.721609E-01 3.110361E+01
1.354628E-02 2.708826E-01 3.094504E+01
1.372287E-02 2.696157E-01 3.078731E+01
1.390176E-02 2.684158E-01 3.086285E+01
1.408298E-02 2.671866E-01 3.070547E+01
1.426656E-02 2.660090E-01 3.078226E+01
1.445254E-02 2.648173E-01 3.062521E+01
1.464094E-02 2.636358E-01 3.046898E+01
1.483180E-02 2.625073E-01 3.054644E+01
1.502515E-02 2.613623E-01 3.039050E+01
1.522102E-02 2.602273E-01 3.023538E+01
1.541944E-02 2.591470E-01 3.031341E+01
1.562044E-02 2.580475E-01 3.015854E+01
1.582407E-02 2.569577E-01 3.000449E+01
1.603035E-02 2.559250E-01 3.008297E+01
1.623932E-02 2.548699E-01 2.992913E+01
1.645102E-02 2.538240E-01 2.977612E+01
1.666547E-02 2.528384E-01 2.985494E+01
1.688272E-02 2.518263E-01 2.970211E+01
1.710281E-02 2.508626E-01 2.978182E+01
1.732576E-02 2.498840E-01 2.962915E+01
1.755161E-02 2.489139E-01 2.947729E+01
1.778042E-02 2.479965E-01 2.955715E+01
1.801220E-02 2.470589E-01 2.940542E+01
1.824701E-02 2.461296E-01 2.925451E+01
1.848487E-02 2.452579E-01 2.933439E+01
1.872584E-02 2.443602E-01 2.918358E+01
1.896995E-02 2.435101E-01 2.926413E+01
1.921724E-02 2.426437E-01 2.911340E+01
1.946776E-02 2.417849E-01 2.896348E+01
1.972154E-02 2.409797E-01 2.904386E+01
1.997863E-02 2.401514E-01 2.889400E+01
2.023907E-02 2.393675E-01 2.897489E+01
2.050290E-02 2.385692E-01 2.882506E+01
2.077018E-02 2.377778E-01 2.867604E+01
2.104093E-02 2.370381E-01 2.875657E+01
2.131522E-02 2.362759E-01 2.860756E+01
2.159309E-02 2.355574E-01 2.868847E+01
2.187457E-02 2.348240E-01 2.853944E+01
2.215973E-02 2.340969E-01 2.839125E+01
2.244860E-02 2.334218E-01 2.847160E+01
2.274124E-02 2.327226E-01 2.832337E+01
2.303769E-02 2.320685E-01 2.840394E+01
2.333801E-02 2.313970E-01 2.825566E+01
2.364225E-02 2.307311E-01 2.810822E+01
2.395044E-02 2.301195E-01 2.818803E+01
2.426266E-02 2.294804E-01 2.804053E+01
2.457895E-02 2.288896E-01 2.812042E+01
2.489936E-02 2.282770E-01 2.797284E+01
2.522394E-02 2.277069E-01 2.805275E+01
2.555276E-02 2.271202E-01 2.790506E+01
2.588587E-02 2.265705E-01 2.798492E+01
2.622331E-02 2.260097E-01 2.783712E+01
2.656516E-02 2.254530E-01 2.769019E+01
2.691146E-02 2.249449E-01 2.776895E+01
2.726228E-02 2.244130E-01 2.762191E+01
2.761767E-02 2.239254E-01 2.770047E+01
2.797769E-02 2.234179E-01 2.755330E+01
2.834240E-02 2.229506E-01 2.763161E+01
2.871187E-02 2.224670E-01 2.748430E+01
2.908616E-02 2.220200E-01 2.756230E+01
2.946533E-02 2.215600E-01 2.741484E+01
2.984943E-02 2.211033E-01 2.726828E+01
3.023855E-02 2.206963E-01 2.734485E+01
3.063274E-02 2.202624E-01 2.719816E+01
3.103206E-02 2.198754E-01 2.727427E+01
3.143660E-02 2.194639E-01 2.712743E+01
3.184640E-02 2.190970E-01 2.720304E+01
3.226155E-02 2.187073E-01 2.705604E+01
3.268211E-02 2.183603E-01 2.713109E+01
3.310815E-02 2.179922E-01 2.698394E+01
3.353975E-02 2.176650E-01 2.705837E+01
3.397697E-02 2.173179E-01 2.691106E+01
3.441989E-02 2.170105E-01 2.698481E+01
3.486859E-02 2.166840E-01 2.683735E+01
3.532313E-02 2.163964E-01 2.691037E+01
3.578360E-02 2.160901E-01 2.676276E+01
3.625008E-02 2.158220E-01 2.683499E+01
3.672263E-02 2.155355E-01 2.668724E+01
3.720134E-02 2.152870E-01 2.675864E+01
3.768630E-02 2.150197E-01 2.661074E+01
3.817758E-02 2.147907E-01 2.668125E+01
3.867526E-02 2.145423E-01 2.653323E+01
3.917942E-02 2.143326E-01 2.660280E+01
3.969017E-02 2.141028E-01 2.645465E+01
4.020756E-02 2.139123E-01 2.652324E+01
4.073171E-02 2.137005E-01 2.637497E+01
4.126268E-02 2.135292E-01 2.644253E+01
4.180058E-02 2.133350E-01 2.629416E+01
4.234549E-02 2.131827E-01 2.636064E+01
4.289751E-02 2.130057E-01 2.621219E+01
4.345671E-02 2.128724E-01 2.627756E+01
4.402321E-02 2.127413E-01 2.634295E+01
4.459710E-02 2.125976E-01 2.619323E+01
4.517846E-02 2.124855E-01 2.625744E+01
4.576741E-02 2.123579E-01 2.610766E+01
4.636403E-02 2.122645E-01 2.617063E+01
4.696843E-02 2.121527E-01 2.602081E+01
4.758071E-02 2.120780E-01 2.608251E+01
4.820096E-02 2.119815E-01 2.593267E+01
4.882931E-02 2.119252E-01 2.599306E+01
4.946585E-02 2.118716E-01 2.605331E+01
5.011068E-02 2.118057E-01 2.590229E+01
5.076392E-02 2.117706E-01 2.596116E+01
5.142568E-02 2.117189E-01 2.581017E+01
5.209606E-02 2.117020E-01 2.586764E+01
5.277518E-02 2.116642E-01 2.571670E+01
5.346315E-02 2.116655E-01 2.577275E+01
5.416010E-02 2.116698E-01 2.582853E+01
5.486612E-02 2.116604E-01 2.567649E+01
5.558136E-02 2.116827E-01 2.573079E+01
5.630591E-02 2.116861E-01 2.557886E+01
5.703991E-02 2.117263E-01 2.563166E+01
5.778348E-02 2.117698E-01 2.568410E+01
5.853674E-02 2.118000E-01 2.553115E+01
5.929982E-02 2.118612E-01 2.558204E+01
6.007285E-02 2.119033E-01 2.542928E+01
6.085596E-02 2.119820E-01 2.547860E+01
6.164927E-02 2.120642E-01 2.552749E+01
6.245293E-02 2.121316E-01 2.537380E+01
6.326706E-02 2.122312E-01 2.542109E+01
6.409181E-02 2.123343E-01 2.546790E+01
6.492731E-02 2.124262E-01 2.531334E+01
6.577370E-02 2.125466E-01 2.535851E+01
6.663112E-02 2.126486E-01 2.520427E+01
6.749972E-02 2.127860E-01 2.524779E+01
6.837964E-02 2.129273E-01 2.529077E+01
6.927103E-02 2.130521E-01 2.513578E+01
7.017405E-02 2.132102E-01 2.517709E+01
7.108883E-02 2.133721E-01 2.521781E+01
7.201554E-02 2.135190E-01 2.506215E+01
7.295433E-02 2.136976E-01 2.510119E+01
7.390536E-02 2.138801E-01 2.513960E+01
7.486879E-02 2.140481E-01 2.498333E+01
7.584477E-02 2.142471E-01 2.502005E+01
7.683348E-02 2.144502E-01 2.505610E+01
7.783508E-02 2.146383E-01 2.489932E+01
7.884973E-02 2.148576E-01 2.493367E+01
7.987761E-02 2.150810E-01 2.496734E+01
8.091889E-02 2.152884E-01 2.481012E+01
8.197375E-02 2.155278E-01 2.484208E+01
8.304235E-02 2.157714E-01 2.487331E+01
8.412489E-02 2.160191E-01 2.490382E+01
8.522153E-02 2.162566E-01 2.474529E+01
8.633248E-02 2.165202E-01 2.477408E+01
8.745790E-02 2.167881E-01 2.480212E+01
8.859800E-02 2.170426E-01 2.464337E+01
8.975296E-02 2.173261E-01 2.466970E+01
9.092297E-02 2.176138E-01 2.469525E+01
9.210824E-02 2.179059E-01 2.472002E+01
9.330896E-02 2.181876E-01 2.456025E+01
9.452533E-02 2.184950E-01 2.458332E+01
9.575755E-02 2.188069E-01 2.460559E+01
9.700584E-02 2.191036E-01 2.444583E+01
9.827040E-02 2.194303E-01 2.446642E+01
9.955145E-02 2.197616E-01 2.448620E+01
1.008492E-01 2.200973E-01 2.450515E+01
1.021639E-01 2.204184E-01 2.434468E+01
1.034957E-01 2.207687E-01 2.436198E+01
1.048448E-01 2.211236E-01 2.437844E+01
1.062116E-01 2.214831E-01 2.439406E+01
1.075961E-01 2.218471E-01 2.440882E+01
1.089988E-01 2.222005E-01 2.424707E+01
1.104197E-01 2.225788E-01 2.426022E+01
1.118591E-01 2.229617E-01 2.427252E+01
1.133173E-01 2.233493E-01 2.428395E+01
1.147945E-01 2.237234E-01 2.412192E+01
1.162909E-01 2.241248E-01 2.413178E+01
1.178069E-01 2.245308E-01 2.414077E+01
1.193426E-01 2.249415E-01 2.414890E+01
1.208984E-01 2.253569E-01 2.415615E+01
1.224744E-01 2.257768E-01 2.416252E+01
1.240710E-01 2.261876E-01 2.399913E+01
1.256883E-01 2.266211E-01 2.400400E+01
1.273268E-01 2.270592E-01 2.400799E+01
1.289866E-01 2.275021E-01 2.401111E+01
1.306681E-01 2.279497E-01 2.401335E+01
1.323715E-01 2.283853E-01 2.384962E+01
1.340971E-01 2.288457E-01 2.385042E+01
1.358451E-01 2.293108E-01 2.385035E+01
1.376160E-01 2.297807E-01 2.384941E+01
1.394100E-01 2.302553E-01 2.384760E+01
1.412273E-01 2.307347E-01 2.384491E+01
1.430683E-01 2.312189E-01 2.384134E+01
1.449334E-01 2.316918E-01 2.367666E+01
1.468227E-01 2.321881E-01 2.367177E+01
1.487367E-01 2.326891E-01 2.366601E+01
1.506756E-01 2.331948E-01 2.365940E+01
1.526398E-01 2.337053E-01 2.365193E+01
1.546296E-01 2.342205E-01 2.364360E+01
1.566454E-01 2.347405E-01 2.363441E+01
1.586874E-01 2.352652E-01 2.362438E+01
1.607560E-01 2.357947E-01 2.361348E+01
1.628516E-01 2.363289E-01 2.360174E+01
1.649745E-01 2.368540E-01 2.343575E+01
1.671251E-01 2.373993E-01 2.342286E+01
1.693038E-01 2.379494E-01 2.340913E+01
1.715108E-01 2.385041E-01 2.339458E+01
1.737466E-01 2.390635E-01 2.337921E+01
1.760116E-01 2.396275E-01 2.336302E+01
1.783060E-01 2.401963E-01 2.334601E+01
1.806304E-01 2.407697E-01 2.332820E+01
1.829851E-01 2.413478E-01 2.330958E+01
1.853705E-01 2.419305E-01 2.329016E+01
1.877870E-01 2.425179E-01 2.326994E+01
1.902350E-01 2.431099E-01 2.324894E+01
1.927149E-01 2.437066E-01 2.322715E+01
1.952271E-01 2.443079E-01 2.320458E+01
1.977720E-01 2.449137E-01 2.318125E+01
2.003502E-01 2.455242E-01 2.315714E+01
2.029619E-01 2.461392E-01 2.313227E+01
2.056077E-01 2.467588E-01 2.310665E+01
2.082880E-01 2.473830E-01 2.308029E+01
2.110033E-01 2.480116E-01 2.305318E+01
2.137539E-01 2.486448E-01 2.302535E+01
2.165404E-01 2.492824E-01 2.299678E+01
2.193632E-01 2.499246E-01 2.296750E+01
2.222228E-01 2.505711E-01 2.293751E+01
2.251197E-01 2.512221E-01 2.290682E+01
2.280543E-01 2.518775E-01 2.287543E+01
2.310272E-01 2.525372E-01 2.284336E+01
2.340389E-01 2.532013E-01 2.281060E+01
2.370898E-01 2.538697E-01 2.277718E+01
2.401805E-01 2.545424E-01 2.274310E+01
2.433115E-01 2.552194E-01 2.270836E+01
2.464833E-01 2.559006E-01 2.267298E+01
2.496964E-01 2.565860E-01 2.263696E+01
2.529514E-01 2.572756E-01 2.260031E+01
2.562489E-01 2.579820E-01 2.269297E+01
2.595893E-01 2.586812E-01 2.265429E+01
2.629733E-01 2.593844E-01 2.261500E+01
2.664014E-01 2.600918E-01 2.257512E+01
2.698742E-01 2.608032E-01 2.253465E+01
2.733923E-01 2.615187E-01 2.249361E+01
2.769562E-01 2.622382E-01 2.245200E+01
2.805666E-01 2.629616E-01 2.240984E+01
2.842241E-01 2.636890E-01 2.236712E+01
2.879292E-01 2.644331E-01 2.244777E+01
2.916826E-01 2.651701E-01 2.240314E+01
2.954850E-01 2.659109E-01 2.235799E+01
2.993369E-01 2.666556E-01 2.231233E+01
3.032390E-01 2.674040E-01 2.226617E+01
3.071920E-01 2.681562E-01 2.221951E+01
3.111966E-01 2.689241E-01 2.229244E+01
3.152533E-01 2.696859E-01 2.224396E+01
3.193629E-01 2.704513E-01 2.219502E+01
3.235261E-01 2.712203E-01 2.214562E+01
3.277436E-01 2.719930E-01 2.209579E+01
3.320161E-01 2.727804E-01 2.216244E+01
3.363442E-01 2.735626E-01 2.211085E+01
3.407288E-01 2.743482E-01 2.205886E+01
3.451705E-01 2.751373E-01 2.200647E+01
3.496701E-01 2.759297E-01 2.195369E+01
3.542284E-01 2.767380E-01 2.201415E+01
3.588461E-01 2.775398E-01 2.195971E+01
3.635240E-01 2.783449E-01 2.190491E+01
3.682629E-01 2.791533E-01 2.184976E+01
3.730635E-01 2.799772E-01 2.190542E+01
3.779268E-01 2.807948E-01 2.184868E+01
3.828534E-01 2.816156E-01 2.179163E+01
3.878442E-01 2.824496E-01 2.184378E+01
3.929002E-01 2.832796E-01 2.178520E+01
3.980220E-01 2.841125E-01 2.172634E+01
4.032106E-01 2.849484E-01 2.166720E+01
4.084668E-01 2.857994E-01 2.171468E+01
4.137916E-01 2.866442E-01 2.165409E+01
4.191857E-01 2.874919E-01 2.159326E+01
4.246502E-01 2.883541E-01 2.163733E+01
4.301859E-01 2.892107E-01 2.157511E+01
4.357938E-01 2.900699E-01 2.151268E+01
4.414748E-01 2.909436E-01 2.155339E+01
4.472298E-01 2.918116E-01 2.148963E+01
4.530599E-01 2.926910E-01 2.152815E+01
4.589659E-01 2.935677E-01 2.146309E+01
4.649490E-01 2.944469E-01 2.139789E+01
4.710100E-01 2.953385E-01 2.143313E+01
4.771501E-01 2.962261E-01 2.136670E+01
4.833702E-01 2.971160E-01 2.130014E+01
4.896714E-01 2.980199E-01 2.133218E+01
4.960547E-01 2.989182E-01 2.126446E+01
5.025213E-01 2.998286E-01 2.129438E+01
5.090721E-01 3.007350E-01 2.122554E+01
5.157083E-01 3.016522E-01 2.125337E+01
5.224311E-01 3.025667E-01 2.118345E+01
5.292415E-01 3.034831E-01 2.111349E+01
5.361406E-01 3.044132E-01 2.113826E+01
5.431297E-01 3.053374E-01 2.106729E+01
5.502099E-01 3.062746E-01 2.109003E+01
5.573824E-01 3.072065E-01 2.101809E+01
5.646485E-01 3.081508E-01 2.103883E+01
5.720092E-01 3.090903E-01 2.096596E+01
5.794659E-01 3.100420E-01 2.098472E+01
5.870197E-01 3.109889E-01 2.091098E+01
5.946721E-01 3.119480E-01 2.092780E+01
6.024242E-01 3.129021E-01 2.085321E+01
6.102774E-01 3.138687E-01 2.086812E+01
6.182329E-01 3.148371E-01 2.088199E+01
6.262922E-01 3.158041E-01 2.080576E+01
6.344565E-01 3.167803E-01 2.081776E+01
6.427272E-01 3.177540E-01 2.074080E+01
6.511058E-01 3.187380E-01 2.075096E+01
6.595935E-01 3.197185E-01 2.067332E+01
6.681920E-01 3.207102E-01 2.068167E+01
6.769025E-01 3.217044E-01 2.068902E+01
6.857265E-01 3.226968E-01 2.060997E+01
6.946656E-01 3.236988E-01 2.061557E+01
7.037213E-01 3.246974E-01 2.053595E+01
7.128949E-01 3.257074E-01 2.053982E+01
7.221882E-01 3.267200E-01 2.054271E+01
7.316026E-01 3.277299E-01 2.046185E+01
7.411397E-01 3.287505E-01 2.046308E+01
7.508012E-01 3.297737E-01 2.046335E+01
7.605886E-01 3.307946E-01 2.038136E+01
7.705036E-01 3.318259E-01 2.038001E+01
7.805478E-01 3.328601E-01 2.037773E+01
7.907230E-01 3.338915E-01 2.029470E+01
8.010308E-01 3.349336E-01 2.029085E+01
8.114730E-01 3.359787E-01 2.028610E+01
8.220513E-01 3.370269E-01 2.028043E+01
8.327675E-01 3.380733E-01 2.019587E+01
8.436234E-01 3.391294E-01 2.018871E+01
8.546209E-01 3.401886E-01 2.018067E+01
8.657617E-01 3.412510E-01 2.017175E+01
8.770477E-01 3.423117E-01 2.008585E+01
8.884808E-01 3.433820E-01 2.007552E+01
9.000630E-01 3.444555E-01 2.006433E+01
9.117962E-01 3.455323E-01 2.005229E+01
9.236823E-01 3.466123E-01 2.003941E+01
9.357234E-01 3.476909E-01 1.995185E+01
9.479214E-01 3.487787E-01 1.993766E+01
9.602785E-01 3.498699E-01 1.992265E+01
9.727966E-01 3.509644E-01 1.990683E+01
9.854779E-01 3.520622E-01 1.989022E+01
9.983246E-01 3.531635E-01 1.987280E+01
1.011339E+00 3.542681E-01 1.985460E+01
1.024522E+00 3.553716E-01 1.976486E+01
1.037878E+00 3.564838E-01 1.974549E+01
1.051408E+00 3.575994E-01 1.972536E+01
1.065114E+00 3.587184E-01 1.970448E+01
1.078999E+00 3.598408E-01 1.968286E+01
1.093064E+00 3.609667E-01 1.966051E+01
1.107313E+00 3.620959E-01 1.963743E+01
1.121748E+00 3.632287E-01 1.961364E+01
1.136371E+00 3.643648E-01 1.958914E+01
1.151185E+00 3.655045E-01 1.956395E+01
1.166192E+00 3.666476E-01 1.953806E+01
1.181394E+00 3.677941E-01 1.951150E+01
1.196795E+00 3.689441E-01 1.948426E+01
1.212396E+00 3.700975E-01 1.945637E+01
1.228201E+00 3.712543E-01 1.942782E+01
1.244212E+00 3.724146E-01 1.939863E+01
1.260431E+00 3.735782E-01 1.936881E+01
1.276862E+00 3.747453E-01 1.933836E+01
1.293507E+00 3.759158E-01 1.930730E+01
1.310369E+00 3.770896E-01 1.927563E+01
1.327451E+00 3.782668E-01 1.924337E+01
1.344756E+00 3.794474E-01 1.921053E+01
1.362286E+00 3.806312E-01 1.917711E+01
1.380045E+00 3.818229E-01 1.920451E+01
1.398035E+00 3.830140E-01 1.916954E+01
1.416259E+00 3.842083E-01 1.913401E+01
1.434722E+00 3.854059E-01 1.909796E+01
1.453425E+00 3.866068E-01 1.906137E+01
1.472371E+00 3.878108E-01 1.902427E+01
1.491565E+00 3.890222E-01 1.904582E+01
1.511009E+00 3.902335E-01 1.900727E+01
1.530707E+00 3.914479E-01 1.896823E+01
1.550661E+00 3.926655E-01 1.892871E+01
1.570875E+00 3.938862E-01 1.888872E+01
1.591353E+00 3.951144E-01 1.890560E+01
1.612098E+00 3.963422E-01 1.886426E+01
1.633113E+00 3.975731E-01 1.882248E+01
1.654402E+00 3.988070E-01 1.878027E+01
1.675969E+00 4.000485E-01 1.879351E+01
1.697817E+00 4.012894E-01 1.875003E+01
1.719949E+00 4.025333E-01 1.870614E+01
1.742370E+00 4.037842E-01 1.871672E+01
1.765084E+00 4.050351E-01 1.867161E+01
1.788093E+00 4.062888E-01 1.862614E+01
1.811403E+00 4.075495E-01 1.863412E+01
1.835016E+00 4.088101E-01 1.858748E+01
1.858937E+00 4.100734E-01 1.854050E+01
1.883170E+00 4.113441E-01 1.854597E+01
1.907719E+00 4.126141E-01 1.849788E+01
1.932588E+00 4.138908E-01 1.850165E+01
1.957781E+00 4.151675E-01 1.845250E+01
1.983303E+00 4.164503E-01 1.845461E+01
2.009157E+00 4.177337E-01 1.840443E+01
2.035348E+00 4.190227E-01 1.840491E+01
2.061881E+00 4.203125E-01 1.835374E+01
2.088760E+00 4.216078E-01 1.835262E+01
2.115989E+00 4.229040E-01 1.830050E+01
2.143573E+00 4.242056E-01 1.829782E+01
2.171516E+00 4.255081E-01 1.824479E+01
2.199824E+00 4.268162E-01 1.824057E+01
2.228501E+00 4.281247E-01 1.818667E+01
2.257551E+00 4.294392E-01 1.818095E+01
2.286980E+00 4.307538E-01 1.812622E+01
2.316793E+00 4.320747E-01 1.811903E+01
2.346995E+00 4.333981E-01 1.811103E+01
2.377590E+00 4.347224E-01 1.805489E+01
2.408584E+00 4.360524E-01 1.804547E+01
2.439983E+00 4.373822E-01 1.798861E+01
2.471790E+00 4.387186E-01 1.797781E+01
2.504012E+00 4.400577E-01 1.796623E+01
2.536654E+00 4.413995E-01 1.795387E+01
2.569722E+00 4.427422E-01 1.789520E+01
2.603221E+00 4.440904E-01 1.788153E+01
2.637156E+00 4.454415E-01 1.786711E+01
2.671534E+00 4.467929E-01 1.780731E+01
2.706360E+00 4.481503E-01 1.779164E+01
2.741640E+00 4.495104E-01 1.777523E+01
2.777380E+00 4.508735E-01 1.775810E+01
2.813586E+00 4.522393E-01 1.774026E+01
2.850263E+00 4.536059E-01 1.767847E+01
2.887419E+00 4.549780E-01 1.765947E+01
2.925059E+00 4.563529E-01 1.763977E+01
2.963190E+00 4.577307E-01 1.761940E+01
3.001818E+00 4.591114E-01 1.759836E+01
3.040950E+00 4.604949E-01 1.757665E+01
3.080592E+00 4.618813E-01 1.755429E+01
3.120750E+00 4.632706E-01 1.753128E+01
