1.000000E+02 2.006728E+00 1.242735E+01
1.004625E+02 2.010491E+00 1.243082E+01
1.009272E+02 2.014246E+00 1.243447E+01
1.013939E+02 2.017991E+00 1.243804E+01
1.018629E+02 2.021728E+00 1.244179E+01
1.023340E+02 2.025455E+00 1.244517E+01
1.028073E+02 2.029174E+00 1.244874E+01
1.032828E+02 2.032883E+00 1.245222E+01
1.037605E+02 2.036583E+00 1.245561E+01
1.042404E+02 2.040274E+00 1.245918E+01
1.047225E+02 2.043956E+00 1.246240E+01
1.052069E+02 2.047629E+00 1.246579E+01
1.056935E+02 2.051293E+00 1.246909E+01
1.061823E+02 2.054947E+00 1.247231E+01
1.066734E+02 2.058592E+00 1.247570E+01
1.071668E+02 2.062228E+00 1.247874E+01
1.076624E+02 2.065855E+00 1.248196E+01
1.081604E+02 2.069473E+00 1.248509E+01
1.086606E+02 2.073081E+00 1.248813E+01
1.091632E+02 2.076680E+00 1.249135E+01
1.096681E+02 2.080270E+00 1.249448E+01
1.101753E+02 2.083851E+00 1.249752E+01
1.106848E+02 2.087422E+00 1.250047E+01
1.111968E+02 2.090984E+00 1.250334E+01
1.117111E+02 2.094537E+00 1.250638E+01
1.122277E+02 2.098080E+00 1.250908E+01
1.127468E+02 2.101615E+00 1.251195E+01
1.132683E+02 2.105139E+00 1.251498E+01
1.137921E+02 2.108655E+00 1.251768E+01
1.143184E+02 2.112161E+00 1.252054E+01
1.148472E+02 2.115657E+00 1.252332E+01
1.153783E+02 2.119145E+00 1.252601E+01
1.159120E+02 2.122622E+00 1.252862E+01
1.164481E+02 2.126091E+00 1.253114E+01
1.169866E+02 2.129550E+00 1.253383E+01
1.175277E+02 2.133000E+00 1.253643E+01
1.180713E+02 2.136440E+00 1.253895E+01
1.186174E+02 2.139870E+00 1.254163E+01
1.191660E+02 2.143292E+00 1.254398E+01
1.197171E+02 2.146703E+00 1.254649E+01
1.202708E+02 2.150106E+00 1.254892E+01
1.208271E+02 2.153498E+00 1.255127E+01
1.213859E+02 2.156882E+00 1.255378E+01
1.219473E+02 2.160255E+00 1.255595E+01
1.225114E+02 2.163620E+00 1.255829E+01
1.230780E+02 2.166974E+00 1.256055E+01
1.236472E+02 2.170319E+00 1.256296E+01
1.242191E+02 2.173655E+00 1.256505E+01
1.247936E+02 2.176981E+00 1.256730E+01
1.253708E+02 2.180297E+00 1.256947E+01
1.259506E+02 2.183604E+00 1.257155E+01
1.265332E+02 2.186902E+00 1.257379E+01
1.271184E+02 2.190189E+00 1.257595E+01
1.277063E+02 2.193467E+00 1.257778E+01
1.282970E+02 2.196736E+00 1.258001E+01
1.288904E+02 2.199994E+00 1.258193E+01
1.294865E+02 2.203244E+00 1.258375E+01
1.300854E+02 2.206483E+00 1.258574E+01
1.306870E+02 2.209713E+00 1.258764E+01
1.312915E+02 2.212933E+00 1.258946E+01
1.318987E+02 2.216143E+00 1.259144E+01
1.325087E+02 2.219344E+00 1.259333E+01
1.331216E+02 2.222535E+00 1.259491E+01
1.337373E+02 2.225717E+00 1.259687E+01
1.343558E+02 2.228888E+00 1.259852E+01
1.349772E+02 2.232050E+00 1.260032E+01
1.356015E+02 2.235203E+00 1.260181E+01
1.362287E+02 2.238345E+00 1.260345E+01
1.368587E+02 2.241478E+00 1.260524E+01
1.374917E+02 2.244601E+00 1.260672E+01
1.381276E+02 2.247714E+00 1.260835E+01
1.387665E+02 2.250818E+00 1.260989E+01
1.394083E+02 2.253911E+00 1.261136E+01
1.400531E+02 2.256995E+00 1.261275E+01
1.407008E+02 2.260069E+00 1.261429E+01
1.413516E+02 2.263134E+00 1.261575E+01
1.420053E+02 2.266188E+00 1.261713E+01
1.426621E+02 2.269233E+00 1.261843E+01
1.433219E+02 2.272268E+00 1.261987E+01
1.439848E+02 2.275293E+00 1.262101E+01
1.446507E+02 2.278309E+00 1.262230E+01
1.453198E+02 2.281314E+00 1.262373E+01
1.459919E+02 2.284310E+00 1.262486E+01
1.466671E+02 2.287296E+00 1.262614E+01
1.473454E+02 2.290271E+00 1.262733E+01
1.480269E+02 2.293238E+00 1.262845E+01
1.487115E+02 2.296194E+00 1.262949E+01
1.493993E+02 2.299140E+00 1.263068E+01
1.500903E+02 2.302077E+00 1.263178E+01
1.507845E+02 2.305003E+00 1.263281E+01
1.514819E+02 2.307920E+00 1.263376E+01
1.521825E+02 2.310827E+00 1.263485E+01
1.528864E+02 2.313724E+00 1.263565E+01
1.535935E+02 2.316611E+00 1.263659E+01
1.543038E+02 2.319488E+00 1.263766E+01
1.550175E+02 2.322355E+00 1.263845E+01
1.557345E+02 2.325213E+00 1.263937E+01
1.564548E+02 2.328060E+00 1.264021E+01
1.571784E+02 2.330898E+00 1.264099E+01
1.579053E+02 2.333725E+00 1.264168E+01
1.586357E+02 2.336543E+00 1.264251E+01
1.593694E+02 2.339351E+00 1.264327E+01
1.601064E+02 2.342148E+00 1.264395E+01
1.608469E+02 2.344936E+00 1.264455E+01
1.615909E+02 2.347714E+00 1.264529E+01
1.623382E+02 2.350482E+00 1.264575E+01
1.630891E+02 2.353240E+00 1.264634E+01
1.638434E+02 2.355988E+00 1.264707E+01
1.646012E+02 2.358726E+00 1.264751E+01
1.653624E+02 2.361455E+00 1.264808E+01
1.661273E+02 2.364173E+00 1.264858E+01
1.668956E+02 2.366881E+00 1.264901E+01
1.676675E+02 2.369579E+00 1.264937E+01
1.684430E+02 2.372267E+00 1.264985E+01
1.692220E+02 2.374946E+00 1.265026E+01
1.700047E+02 2.377614E+00 1.265060E+01
1.707910E+02 2.380273E+00 1.265107E+01
1.715809E+02 2.382921E+00 1.265126E+01
1.723745E+02 2.385559E+00 1.265158E+01
1.731717E+02 2.388188E+00 1.265183E+01
1.739726E+02 2.390806E+00 1.265201E+01
1.747773E+02 2.393415E+00 1.265231E+01
1.755856E+02 2.396013E+00 1.265254E+01
1.763977E+02 2.398602E+00 1.265270E+01
1.772136E+02 2.401180E+00 1.265279E+01
1.780332E+02 2.403749E+00 1.265301E+01
1.788566E+02 2.406307E+00 1.265295E+01
1.796838E+02 2.408856E+00 1.265302E+01
1.805149E+02 2.411394E+00 1.265322E+01
1.813498E+02 2.413923E+00 1.265315E+01
1.821885E+02 2.416442E+00 1.265320E+01
1.830312E+02 2.418950E+00 1.265319E+01
1.838777E+02 2.421449E+00 1.265310E+01
1.847281E+02 2.423937E+00 1.265314E+01
1.855825E+02 2.426416E+00 1.265291E+01
1.864409E+02 2.428885E+00 1.265280E+01
1.873032E+02 2.431343E+00 1.265263E+01
1.881694E+02 2.433792E+00 1.265258E+01
1.890397E+02 2.436231E+00 1.265226E+01
1.899141E+02 2.438659E+00 1.265207E+01
1.907924E+02 2.441078E+00 1.265181E+01
1.916748E+02 2.443487E+00 1.265167E+01
1.925614E+02 2.445885E+00 1.265127E+01
1.934520E+02 2.448274E+00 1.265099E+01
1.943467E+02 2.450653E+00 1.265064E+01
1.952456E+02 2.453022E+00 1.265042E+01
1.961486E+02 2.455380E+00 1.264993E+01
1.970558E+02 2.457729E+00 1.264956E+01
1.979672E+02 2.460068E+00 1.264913E+01
1.988828E+02 2.462397E+00 1.264882E+01
1.998026E+02 2.464716E+00 1.264825E+01
2.007267E+02 2.467025E+00 1.264779E+01
2.016551E+02 2.469324E+00 1.264727E+01
2.025878E+02 2.471613E+00 1.264669E+01
2.035248E+02 2.473892E+00 1.264622E+01
2.044661E+02 2.476161E+00 1.264568E+01
2.054117E+02 2.478420E+00 1.264507E+01
2.063618E+02 2.480669E+00 1.264440E+01
2.073162E+02 2.482908E+00 1.264366E+01
2.082751E+02 2.485137E+00 1.264304E+01
2.092383E+02 2.487357E+00 1.264235E+01
2.102061E+02 2.489566E+00 1.264160E+01
2.111783E+02 2.491765E+00 1.264096E+01
2.121550E+02 2.493955E+00 1.264025E+01
2.131362E+02 2.496135E+00 1.263948E+01
2.141220E+02 2.498304E+00 1.263864E+01
2.151123E+02 2.500464E+00 1.263773E+01
2.161073E+02 2.502614E+00 1.263694E+01
2.171068E+02 2.504754E+00 1.263608E+01
2.181109E+02 2.506884E+00 1.263516E+01
2.191197E+02 2.509004E+00 1.263435E+01
2.201331E+02 2.511114E+00 1.263330E+01
2.211512E+02 2.513214E+00 1.263236E+01
2.221741E+02 2.515304E+00 1.263153E+01
2.232016E+02 2.517385E+00 1.263046E+01
2.242340E+02 2.519456E+00 1.262951E+01
2.252711E+02 2.521516E+00 1.262848E+01
2.263130E+02 2.523567E+00 1.262740E+01
2.273597E+02 2.525608E+00 1.262625E+01
2.284112E+02 2.527639E+00 1.262521E+01
2.294676E+02 2.529661E+00 1.262411E+01
2.305289E+02 2.531672E+00 1.262294E+01
2.315951E+02 2.533674E+00 1.262188E+01
2.326663E+02 2.535665E+00 1.262059E+01
2.337424E+02 2.537647E+00 1.261940E+01
2.348235E+02 2.539619E+00 1.261816E+01
2.359095E+02 2.541582E+00 1.261702E+01
2.370006E+02 2.543534E+00 1.261582E+01
2.380968E+02 2.545477E+00 1.261438E+01
2.391980E+02 2.547410E+00 1.261323E+01
2.403043E+02 2.549333E+00 1.261184E+01
2.414157E+02 2.551246E+00 1.261056E+01
2.425323E+02 2.553150E+00 1.260921E+01
2.436540E+02 2.555043E+00 1.260781E+01
2.447809E+02 2.556927E+00 1.260634E+01
2.459130E+02 2.558802E+00 1.260498E+01
2.470504E+02 2.560666E+00 1.260356E+01
2.481930E+02 2.562521E+00 1.260207E+01
2.493409E+02 2.564366E+00 1.260070E+01
2.504942E+02 2.566201E+00 1.259909E+01
2.516527E+02 2.568027E+00 1.259759E+01
2.528166E+02 2.569843E+00 1.259603E+01
2.539859E+02 2.571649E+00 1.259457E+01
2.551606E+02 2.573445E+00 1.259289E+01
2.563407E+02 2.575232E+00 1.259131E+01
2.575263E+02 2.577009E+00 1.258984E+01
2.587174E+02 2.578777E+00 1.258814E+01
2.599140E+02 2.580535E+00 1.258655E+01
2.611161E+02 2.582283E+00 1.258490E+01
2.623238E+02 2.584021E+00 1.258318E+01
2.635371E+02 2.585750E+00 1.258141E+01
2.647559E+02 2.587469E+00 1.257974E+01
2.659804E+02 2.589179E+00 1.257801E+01
2.672106E+02 2.590879E+00 1.257622E+01
2.684465E+02 2.592569E+00 1.257454E+01
2.696881E+02 2.594250E+00 1.257263E+01
2.709354E+02 2.595921E+00 1.257083E+01
2.721885E+02 2.597583E+00 1.256913E+01
2.734474E+02 2.599235E+00 1.256720E+01
2.747121E+02 2.600878E+00 1.256538E+01
2.759826E+02 2.602511E+00 1.256351E+01
2.772591E+02 2.604135E+00 1.256157E+01
2.785414E+02 2.605749E+00 1.255958E+01
2.798297E+02 2.607353E+00 1.255769E+01
2.811239E+02 2.608948E+00 1.255574E+01
2.824241E+02 2.610534E+00 1.255373E+01
2.837304E+02 2.612110E+00 1.255182E+01
2.850426E+02 2.613676E+00 1.254985E+01
2.863610E+02 2.615233E+00 1.254783E+01
2.876854E+02 2.616781E+00 1.254575E+01
2.890160E+02 2.618319E+00 1.254362E+01
2.903527E+02 2.619848E+00 1.254158E+01
2.916956E+02 2.621368E+00 1.253949E+01
2.930447E+02 2.622878E+00 1.253734E+01
2.944000E+02 2.624378E+00 1.253528E+01
2.957617E+02 2.625870E+00 1.253318E+01
2.971296E+02 2.627352E+00 1.253101E+01
2.985038E+02 2.628824E+00 1.252879E+01
2.998844E+02 2.630287E+00 1.252667E+01
3.012714E+02 2.631741E+00 1.252434E+01
3.026648E+02 2.633186E+00 1.252211E+01
3.040646E+02 2.634621E+00 1.251997E+01
3.054710E+02 2.636047E+00 1.251763E+01
3.068838E+02 2.637464E+00 1.251538E+01
3.083031E+02 2.638871E+00 1.251308E+01
3.097291E+02 2.640269E+00 1.251072E+01
3.111616E+02 2.641658E+00 1.250846E+01
3.126007E+02 2.643038E+00 1.250615E+01
3.140465E+02 2.644408E+00 1.250378E+01
3.154990E+02 2.645770E+00 1.250136E+01
3.169582E+02 2.647122E+00 1.249903E+01
3.184242E+02 2.648465E+00 1.249665E+01
3.198969E+02 2.649798E+00 1.249421E+01
3.213764E+02 2.651123E+00 1.249173E+01
3.228628E+02 2.652438E+00 1.248933E+01
3.243561E+02 2.653745E+00 1.248688E+01
3.258562E+02 2.655042E+00 1.248438E+01
3.273634E+02 2.656330E+00 1.248183E+01
3.288774E+02 2.657609E+00 1.247937E+01
3.303985E+02 2.658879E+00 1.247686E+01
3.319266E+02 2.660140E+00 1.247429E+01
3.334618E+02 2.661392E+00 1.247168E+01
3.350041E+02 2.662634E+00 1.246915E+01
3.365535E+02 2.663868E+00 1.246658E+01
3.381101E+02 2.665093E+00 1.246395E+01
3.396739E+02 2.666309E+00 1.246127E+01
3.412449E+02 2.667515E+00 1.245868E+01
3.428231E+02 2.668713E+00 1.245604E+01
3.444087E+02 2.669902E+00 1.245335E+01
3.460016E+02 2.671082E+00 1.245075E+01
3.476019E+02 2.672253E+00 1.244796E+01
3.492096E+02 2.673415E+00 1.244526E+01
3.508247E+02 2.674569E+00 1.244250E+01
3.524473E+02 2.675713E+00 1.243984E+01
3.540774E+02 2.676848E+00 1.243713E+01
3.557150E+02 2.677975E+00 1.243437E+01
3.573602E+02 2.679093E+00 1.243156E+01
3.590130E+02 2.680202E+00 1.242869E+01
3.606735E+02 2.681302E+00 1.242592E+01
3.623416E+02 2.682394E+00 1.242310E+01
3.640175E+02 2.683476E+00 1.242023E+01
3.657011E+02 2.684550E+00 1.241745E+01
3.673925E+02 2.685615E+00 1.241462E+01
3.690917E+02 2.686672E+00 1.241173E+01
3.707988E+02 2.687719E+00 1.240880E+01
3.725137E+02 2.688758E+00 1.240596E+01
3.742366E+02 2.689789E+00 1.240293E+01
3.759675E+02 2.690810E+00 1.240000E+01
3.777064E+02 2.691823E+00 1.239715E+01
3.794533E+02 2.692828E+00 1.239411E+01
3.812083E+02 2.693824E+00 1.239116E+01
3.829714E+02 2.694811E+00 1.238817E+01
3.847427E+02 2.695789E+00 1.238512E+01
3.865221E+02 2.696759E+00 1.238217E+01
3.883098E+02 2.697721E+00 1.237917E+01
3.901058E+02 2.698674E+00 1.237612E+01
3.919100E+02 2.699618E+00 1.237302E+01
3.937226E+02 2.700554E+00 1.237001E+01
3.955436E+02 2.701482E+00 1.236695E+01
3.973730E+02 2.702401E+00 1.236384E+01
3.992109E+02 2.703311E+00 1.236069E+01
4.010573E+02 2.704213E+00 1.235762E+01
4.029122E+02 2.705107E+00 1.235451E+01
4.047757E+02 2.705992E+00 1.235135E+01
4.066478E+02 2.706869E+00 1.234815E+01
4.085286E+02 2.707737E+00 1.234503E+01
4.104181E+02 2.708598E+00 1.234186E+01
4.123163E+02 2.709449E+00 1.233865E+01
4.142232E+02 2.710293E+00 1.233553E+01
4.161391E+02 2.711128E+00 1.233222E+01
4.180637E+02 2.711955E+00 1.232901E+01
4.199973E+02 2.712774E+00 1.232574E+01
4.219398E+02 2.713584E+00 1.232257E+01
4.238913E+02 2.714386E+00 1.231921E+01
4.258518E+02 2.715180E+00 1.231594E+01
4.278214E+02 2.715966E+00 1.231276E+01
4.298001E+02 2.716743E+00 1.230940E+01
4.317880E+02 2.717513E+00 1.230613E+01
4.337850E+02 2.718274E+00 1.230281E+01
4.357913E+02 2.719027E+00 1.229945E+01
4.378069E+02 2.719772E+00 1.229617E+01
4.398317E+02 2.720509E+00 1.229272E+01
4.418660E+02 2.721238E+00 1.228936E+01
4.439097E+02 2.721959E+00 1.228608E+01
4.459628E+02 2.722671E+00 1.228262E+01
4.480254E+02 2.723376E+00 1.227925E+01
4.500975E+02 2.724073E+00 1.227584E+01
4.521792E+02 2.724761E+00 1.227238E+01
4.542706E+02 2.725442E+00 1.226901E+01
4.563716E+02 2.726115E+00 1.226546E+01
4.584824E+02 2.726780E+00 1.226200E+01
4.606029E+02 2.727437E+00 1.225863E+01
4.627332E+02 2.728086E+00 1.225508E+01
4.648734E+02 2.728727E+00 1.225162E+01
4.670234E+02 2.729360E+00 1.224811E+01
4.691835E+02 2.729986E+00 1.224456E+01
4.713535E+02 2.730603E+00 1.224110E+01
4.735335E+02 2.731213E+00 1.223759E+01
4.757236E+02 2.731815E+00 1.223404E+01
4.779239E+02 2.732409E+00 1.223045E+01
4.801343E+02 2.732996E+00 1.222694E+01
4.823549E+02 2.733575E+00 1.222339E+01
4.845859E+02 2.734146E+00 1.221980E+01
4.868271E+02 2.734709E+00 1.221616E+01
4.890787E+02 2.735265E+00 1.221261E+01
4.913407E+02 2.735813E+00 1.220902E+01
4.936132E+02 2.736353E+00 1.220539E+01
4.958962E+02 2.736886E+00 1.220171E+01
4.981898E+02 2.737411E+00 1.219812E+01
5.004939E+02 2.737929E+00 1.219448E+01
5.028087E+02 2.738439E+00 1.219081E+01
5.051342E+02 2.738942E+00 1.218709E+01
5.074705E+02 2.739437E+00 1.218346E+01
5.098176E+02 2.739924E+00 1.217978E+01
5.121755E+02 2.740404E+00 1.217607E+01
5.145444E+02 2.740877E+00 1.217231E+01
5.169242E+02 2.741342E+00 1.216864E+01
5.193150E+02 2.741799E+00 1.216492E+01
5.217169E+02 2.742250E+00 1.216117E+01
5.241298E+02 2.742692E+00 1.215738E+01
5.265540E+02 2.743128E+00 1.215366E+01
5.289893E+02 2.743556E+00 1.214991E+01
5.314359E+02 2.743977E+00 1.214612E+01
5.338938E+02 2.744390E+00 1.214229E+01
5.363631E+02 2.744796E+00 1.213854E+01
5.388438E+02 2.745195E+00 1.213475E+01
5.413360E+02 2.745587E+00 1.213092E+01
5.438397E+02 2.745971E+00 1.212706E+01
5.463550E+02 2.746349E+00 1.212327E+01
5.488820E+02 2.746719E+00 1.211945E+01
5.514206E+02 2.747082E+00 1.211558E+01
5.539709E+02 2.747437E+00 1.211180E+01
5.565331E+02 2.747786E+00 1.210786E+01
5.591071E+02 2.748127E+00 1.210400E+01
5.616930E+02 2.748461E+00 1.210011E+01
5.642908E+02 2.748789E+00 1.209629E+01
5.669007E+02 2.749109E+00 1.209232E+01
5.695227E+02 2.749422E+00 1.208842E+01
5.721568E+02 2.749728E+00 1.208461E+01
5.748030E+02 2.750027E+00 1.208064E+01
5.774615E+02 2.750319E+00 1.207676E+01
5.801323E+02 2.750604E+00 1.207283E+01
5.828155E+02 2.750883E+00 1.206887E+01
5.855110E+02 2.751154E+00 1.206487E+01
5.882190E+02 2.751418E+00 1.206095E+01
5.909396E+02 2.751676E+00 1.205699E+01
5.936727E+02 2.751927E+00 1.205300E+01
5.964185E+02 2.752170E+00 1.204897E+01
5.991770E+02 2.752407E+00 1.204502E+01
6.019482E+02 2.752638E+00 1.204104E+01
6.047322E+02 2.752861E+00 1.203701E+01
6.075292E+02 2.753078E+00 1.203307E+01
6.103390E+02 2.753288E+00 1.202897E+01
6.131619E+02 2.753491E+00 1.202496E+01
6.159978E+02 2.753687E+00 1.202091E+01
6.188468E+02 2.753877E+00 1.201694E+01
6.217090E+02 2.754060E+00 1.201281E+01
6.245845E+02 2.754237E+00 1.200877E+01
6.274732E+02 2.754406E+00 1.200480E+01
6.303753E+02 2.754570E+00 1.200069E+01
6.332908E+02 2.754726E+00 1.199665E+01
6.362198E+02 2.754877E+00 1.199258E+01
6.391624E+02 2.755020E+00 1.198848E+01
6.421186E+02 2.755157E+00 1.198434E+01
6.450884E+02 2.755288E+00 1.198028E+01
6.480720E+02 2.755412E+00 1.197618E+01
6.510694E+02 2.755529E+00 1.197205E+01
6.540806E+02 2.755641E+00 1.196788E+01
6.571058E+02 2.755745E+00 1.196380E+01
6.601449E+02 2.755844E+00 1.195968E+01
6.631981E+02 2.755936E+00 1.195552E+01
6.662655E+02 2.756021E+00 1.195133E+01
6.693470E+02 2.756100E+00 1.194722E+01
6.724427E+02 2.756173E+00 1.194308E+01
6.755528E+02 2.756240E+00 1.193890E+01
6.786773E+02 2.756300E+00 1.193469E+01
6.818162E+02 2.756354E+00 1.193055E+01
6.849697E+02 2.756402E+00 1.192639E+01
6.881377E+02 2.756444E+00 1.192219E+01
6.913204E+02 2.756479E+00 1.191795E+01
6.945178E+02 2.756509E+00 1.191380E+01
6.977300E+02 2.756532E+00 1.190950E+01
7.009570E+02 2.756549E+00 1.190528E+01
7.041990E+02 2.756560E+00 1.190113E+01
7.074559E+02 2.756564E+00 1.189685E+01
7.107280E+02 2.756563E+00 1.189264E+01
7.140151E+02 2.756556E+00 1.188840E+01
7.173175E+02 2.756542E+00 1.188413E+01
7.206351E+02 2.756523E+00 1.187993E+01
7.239681E+02 2.756497E+00 1.187570E+01
7.273165E+02 2.756466E+00 1.187144E+01
7.306804E+02 2.756429E+00 1.186715E+01
7.340598E+02 2.756385E+00 1.186294E+01
7.374549E+02 2.756336E+00 1.185858E+01
7.408657E+02 2.756281E+00 1.185430E+01
7.442922E+02 2.756220E+00 1.185010E+01
7.477346E+02 2.756153E+00 1.184576E+01
7.511929E+02 2.756080E+00 1.184150E+01
7.546673E+02 2.756002E+00 1.183720E+01
7.581576E+02 2.755918E+00 1.183288E+01
7.616642E+02 2.755828E+00 1.182852E+01
7.651869E+02 2.755732E+00 1.182424E+01
7.687260E+02 2.755630E+00 1.181993E+01
7.722814E+02 2.755523E+00 1.181559E+01
7.758532E+02 2.755410E+00 1.181122E+01
7.794416E+02 2.755292E+00 1.180693E+01
7.830465E+02 2.755167E+00 1.180261E+01
7.866682E+02 2.755037E+00 1.179825E+01
7.903066E+02 2.754902E+00 1.179387E+01
7.939618E+02 2.754761E+00 1.178956E+01
7.976339E+02 2.754614E+00 1.178522E+01
8.013230E+02 2.754462E+00 1.178085E+01
8.050292E+02 2.754304E+00 1.177646E+01
8.087525E+02 2.754141E+00 1.177214E+01
8.124930E+02 2.753972E+00 1.176778E+01
8.162509E+02 2.753798E+00 1.176341E+01
8.200261E+02 2.753618E+00 1.175900E+01
8.238187E+02 2.753433E+00 1.175456E+01
8.276289E+02 2.753243E+00 1.175020E+01
8.314568E+02 2.753047E+00 1.174581E+01
8.353023E+02 2.752846E+00 1.174139E+01
8.391656E+02 2.752639E+00 1.173704E+01
8.430468E+02 2.752427E+00 1.173267E+01
8.469460E+02 2.752210E+00 1.172817E+01
8.508632E+02 2.751987E+00 1.172384E+01
8.547985E+02 2.751760E+00 1.171939E+01
8.587519E+02 2.751527E+00 1.171501E+01
8.627237E+02 2.751288E+00 1.171060E+01
8.667139E+02 2.751045E+00 1.170616E+01
8.707225E+02 2.750796E+00 1.170169E+01
8.747496E+02 2.750542E+00 1.169730E+01
8.787954E+02 2.750283E+00 1.169278E+01
8.828599E+02 2.750019E+00 1.168834E+01
8.869432E+02 2.749750E+00 1.168397E+01
8.910453E+02 2.749476E+00 1.167947E+01
8.951665E+02 2.749196E+00 1.167505E+01
8.993067E+02 2.748912E+00 1.167060E+01
9.034660E+02 2.748623E+00 1.166612E+01
9.076446E+02 2.748328E+00 1.166172E+01
9.118425E+02 2.748029E+00 1.165718E+01
9.160598E+02 2.747724E+00 1.165273E+01
9.202967E+02 2.747415E+00 1.164824E+01
9.245531E+02 2.747101E+00 1.164384E+01
9.288292E+02 2.746782E+00 1.163930E+01
9.331251E+02 2.746458E+00 1.163484E+01
9.374409E+02 2.746129E+00 1.163035E+01
9.417766E+02 2.745795E+00 1.162594E+01
9.461324E+02 2.745456E+00 1.162140E+01
9.505083E+02 2.745113E+00 1.161694E+01
9.549045E+02 2.744765E+00 1.161245E+01
9.593209E+02 2.744412E+00 1.160793E+01
9.637579E+02 2.744054E+00 1.160349E+01
9.682153E+02 2.743692E+00 1.159892E+01
9.726934E+02 2.743325E+00 1.159443E+01
9.771921E+02 2.742953E+00 1.158991E+01
9.817117E+02 2.742576E+00 1.158547E+01
9.862522E+02 2.742195E+00 1.158090E+01
9.908137E+02 2.741809E+00 1.157641E+01
9.953962E+02 2.741419E+00 1.157189E+01
1.000000E+03 2.741024E+00 1.156745E+01
